17
7
1.9605
1.34433 0.813271 0.562999 0.634452 0.633232 0.53747 0.584234 
-92.3625 1 4 4 13 22 -1 1 12 23 -1 
1.03304 1 2 0 3 6 9 6 -1 8 -1 
0 0 4 1 2 3 -1 1 2 3 -1 
0.347491 0 3 10 -1 11 -1 12 13 14 15 
2.43665 1 1 11 -1 14 -1 5 8 11 -1 
-2.18221 1 3 6 -1 13 -1 12 13 14 15 
-1.00101 0 0 3 6 9 -1 6 -1 8 -1 

15
3.14584
1.31102 0.666132 0.555428 0.561323 0.565186 0.521116 0.478145 0.488384 0.487882 0.443143 0.465532 0.466247 0.420973 0.465768 0.424754 
-74.9827 1 4 3 12 21 -1 4 13 22 -1 
1.46523 1 2 17 19 21 23 15 -1 21 -1 
13.937 0 4 9 12 15 -1 0 11 22 -1 
-1.37038 0 2 18 20 22 24 15 -1 21 -1 
-110.12 1 4 6 14 22 -1 0 11 22 -1 
0 0 4 21 22 23 -1 21 22 23 -1 
0 0 4 3 4 5 -1 4 5 6 -1 
0.962529 0 3 7 -1 11 -1 12 13 14 15 
0 0 4 21 22 23 -1 1 2 3 -1 
0 0 4 22 23 24 -1 16 17 18 -1 
1.64758 0 3 9 -1 13 -1 13 14 15 16 
0 0 4 1 2 3 -1 1 2 3 -1 
0 0 4 22 23 24 -1 9 10 11 -1 
5.00219 0 0 4 13 22 -1 18 -1 20 -1 
-5.36585 1 2 6 9 12 15 15 -1 21 -1 

30
5.70642
1.20396 0.613222 0.466545 0.554807 0.549278 0.497282 0.520573 0.457076 0.449577 0.439794 0.441593 0.47097 0.420011 0.488812 0.36881 0.339175 0.378742 0.390334 0.414155 0.401608 0.381073 0.352772 0.35944 0.405435 0.393784 0.363586 0.329611 0.374806 0.356014 0.366887 
-54.4409 1 4 7 13 19 -1 2 12 22 -1 
-1.80679 0 0 3 6 9 -1 0 -1 11 -1 
-143.261 1 4 4 13 22 -1 3 12 21 -1 
0.607084 1 2 18 20 22 24 18 -1 20 -1 
16.6563 0 4 6 12 18 -1 7 14 21 -1 
-1.17754 0 2 17 19 21 23 15 -1 21 -1 
6.1534 0 0 7 12 17 -1 11 -1 13 -1 
0 0 4 5 6 7 -1 4 5 6 -1 
-2.50511 1 0 8 12 16 -1 11 -1 13 -1 
-1.48806 0 4 5 7 9 -1 16 19 22 -1 
19.0752 0 1 5 -1 11 -1 6 14 22 -1 
-3.13741 1 1 10 -1 11 -1 5 12 19 -1 
0 1 0 5 6 7 -1 5 -1 6 -1 
0 0 4 5 6 7 -1 3 4 5 -1 
0 0 2 21 22 23 24 4 -1 5 -1 
0 0 4 21 22 23 -1 17 18 19 -1 
0.77041 0 3 10 -1 13 -1 11 12 13 14 
-33.8109 0 3 0 -1 20 -1 1 6 11 16 
2.10751 0 3 13 -1 19 -1 10 11 12 13 
0.278039 1 2 0 2 4 6 5 -1 6 -1 
-7.10338 1 3 14 -1 20 -1 7 11 15 19 
0 0 4 1 2 3 -1 1 2 3 -1 
-124.492 1 4 7 13 19 -1 1 12 23 -1 
-65.3829 0 3 0 -1 24 -1 4 10 16 22 
5.65304 0 0 9 12 15 -1 15 -1 21 -1 
-3.85536 1 2 6 9 12 15 14 -1 20 -1 
0 1 2 5 6 7 8 0 -1 1 -1 
-0.507421 0 4 0 2 4 -1 4 7 10 -1 
-2.80012 1 3 13 -1 19 -1 3 4 5 6 
3.92429 1 4 6 10 14 -1 15 18 21 -1 

30
6.46558
1.2972 0.648362 0.618704 0.766498 0.729377 0.553416 0.539844 0.602214 0.489101 0.486233 0.525619 0.505107 0.454168 0.510359 0.443741 0.452425 0.527883 0.458298 0.48455 0.423909 0.466884 0.42606 0.3855 0.441645 0.403121 0.399191 0.424876 0.387027 0.374958 0.460448 
-23.5382 1 4 6 12 18 -1 6 12 18 -1 
0 0 4 3 4 5 -1 5 6 7 -1 
0 0 4 2 3 4 -1 9 10 11 -1 
5.41494 0 4 7 12 17 -1 7 12 17 -1 
-6.35121 1 1 17 -1 21 -1 4 11 18 -1 
0 0 4 4 5 6 -1 3 4 5 -1 
6.57412 0 1 14 -1 20 -1 5 12 19 -1 
12.9025 0 1 0 -1 11 -1 6 14 22 -1 
0 0 0 3 4 5 -1 4 -1 5 -1 
0 0 4 17 18 19 -1 17 18 19 -1 
-2.39682 1 1 10 -1 11 -1 5 12 19 -1 
3.05048 0 0 8 12 16 -1 6 -1 8 -1 
0 0 4 4 5 6 -1 5 6 7 -1 
-0.0159383 1 4 2 4 6 -1 5 6 7 -1 
0 0 4 3 4 5 -1 4 5 6 -1 
0 0 1 3 -1 4 -1 4 5 6 -1 
-0.0160192 1 1 2 -1 5 -1 4 5 6 -1 
-0.600846 1 0 9 12 15 -1 9 -1 10 -1 
1.2919 0 0 9 13 17 -1 9 -1 10 -1 
1.46072 1 2 17 19 21 23 15 -1 21 -1 
-2.08546 1 2 2 7 12 17 6 -1 8 -1 
-0.0122088 1 4 4 5 6 -1 2 4 6 -1 
2.64483 1 4 12 16 20 -1 3 6 9 -1 
1.27952 0 3 9 -1 13 -1 13 14 15 16 
0 0 4 15 16 17 -1 5 6 7 -1 
0 0 4 4 5 6 -1 4 5 6 -1 
-0.017836 1 4 2 4 6 -1 4 5 6 -1 
-2.80302 1 2 6 9 12 15 16 -1 23 -1 
0 1 4 0 1 2 -1 8 9 10 -1 
1.26305 1 4 3 6 9 -1 3 6 9 -1 

50
9.66831
1.09755 0.629988 0.49241 0.563119 0.530283 0.486919 0.538737 0.480326 0.492708 0.448991 0.437906 0.453867 0.430888 0.442815 0.464108 0.392858 0.43045 0.402738 0.42838 0.376091 0.365582 0.36651 0.363795 0.382325 0.507074 0.36587 0.370652 0.395958 0.362663 0.38731 0.435832 0.405255 0.403998 0.387959 0.372294 0.345676 0.352997 0.384963 0.364883 0.380853 0.363927 0.356503 0.373329 0.340159 0.350065 0.336631 0.340721 0.331839 0.348664 0.33195 
-35.7098 1 4 6 12 18 -1 6 12 18 -1 
0 0 4 0 1 2 -1 0 1 2 -1 
0 0 0 6 7 8 -1 0 -1 1 -1 
-108.016 1 4 7 13 19 -1 2 12 22 -1 
0 0 4 3 4 5 -1 4 5 6 -1 
0 0 4 4 5 6 -1 4 5 6 -1 
13.3462 0 4 8 12 16 -1 7 14 21 -1 
0 0 4 0 1 2 -1 20 21 22 -1 
2.52535 0 0 8 12 16 -1 6 -1 8 -1 
-0.0129838 1 4 2 4 6 -1 4 5 6 -1 
0 0 4 5 6 7 -1 5 6 7 -1 
-0.947574 1 0 9 12 15 -1 9 -1 10 -1 
1.04495 0 0 9 12 15 -1 11 -1 13 -1 
-33.4677 0 1 1 -1 22 -1 8 13 18 -1 
0.852287 0 3 6 -1 13 -1 12 13 14 15 
0 0 0 0 1 2 -1 0 -1 1 -1 
-9.26535 1 2 14 17 20 23 3 -1 15 -1 
0 0 4 1 2 3 -1 1 2 3 -1 
-0.252018 1 1 0 -1 10 -1 13 14 15 -1 
0 0 4 2 3 4 -1 16 17 18 -1 
-34.7072 1 0 6 15 24 -1 15 -1 21 -1 
0 0 0 21 22 23 -1 5 -1 6 -1 
0 0 2 0 1 2 3 4 -1 5 -1 
0 0 1 0 -1 1 -1 0 1 2 -1 
-0.0163511 1 1 1 -1 3 -1 0 1 2 -1 
-12.9228 1 2 0 4 8 12 7 -1 21 -1 
0 0 4 21 22 23 -1 11 12 13 -1 
7.81237 0 4 1 10 19 -1 3 10 17 -1 
-5.52472 1 3 5 -1 11 -1 7 11 15 19 
-42.2776 0 3 0 -1 24 -1 6 10 14 18 
3.26423 0 3 6 -1 11 -1 13 14 15 16 
-63.3252 0 0 6 12 18 -1 0 -1 21 -1 
-2.93272 1 3 4 -1 13 -1 13 14 15 16 
-48.5587 0 3 0 -1 23 -1 8 13 18 23 
-2.50241 1 2 10 11 12 13 11 -1 23 -1 
0 0 2 6 7 8 9 0 -1 1 -1 
0.862035 0 2 10 11 12 13 15 -1 21 -1 
-43.2959 0 3 0 -1 23 -1 3 8 13 18 
-3.72738 1 3 13 -1 19 -1 8 9 10 11 
1.47615 1 4 10 12 14 -1 15 18 21 -1 
-3.02236 1 3 1 -1 6 -1 1 8 15 22 
0 0 4 2 3 4 -1 12 13 14 -1 
-4.59459 1 3 13 -1 23 -1 6 10 14 18 
0 0 4 20 21 22 -1 8 9 10 -1 
0 1 0 1 3 5 -1 3 -1 5 -1 
-1.53059 1 0 8 12 16 -1 11 -1 13 -1 
0 0 2 7 8 9 10 0 -1 1 -1 
0 1 1 2 -1 3 -1 7 8 9 -1 
0 0 0 4 5 6 -1 4 -1 5 -1 
0 0 4 21 22 23 -1 17 18 19 -1 

50
15.1816
1.1802 0.652687 0.608057 0.817202 0.612206 0.640493 0.577541 0.592929 0.65383 0.57446 0.652571 0.584862 0.590449 0.698167 0.596759 0.626595 0.589191 0.588711 0.765231 0.617019 0.647403 0.57985 0.600335 0.623112 0.588776 0.615005 0.639296 0.621278 0.547737 0.62133 0.56279 0.602781 0.576211 0.507123 0.51 0.576119 0.553304 0.601018 0.704076 0.592864 0.650901 0.559419 0.529343 0.559214 0.663226 0.578937 0.61041 0.578621 0.667321 0.56606 
-33.0407 1 4 5 12 19 -1 5 12 19 -1 
0 0 4 0 1 2 -1 0 1 2 -1 
0 0 4 3 4 5 -1 3 4 5 -1 
-156.883 1 4 4 13 22 -1 3 12 21 -1 
0 0 4 21 22 23 -1 1 2 3 -1 
5.34203 0 0 8 12 16 -1 15 -1 21 -1 
0 0 4 21 22 23 -1 21 22 23 -1 
0 0 4 21 22 23 -1 7 8 9 -1 
-0.0125715 1 4 2 4 6 -1 3 4 5 -1 
0 0 0 2 3 4 -1 4 -1 5 -1 
-0.0116211 1 4 1 2 3 -1 1 2 3 -1 
0 0 4 21 22 23 -1 17 18 19 -1 
0 0 2 2 3 4 5 4 -1 5 -1 
42.1592 0 4 0 6 12 -1 0 11 22 -1 
0 0 4 3 4 5 -1 5 6 7 -1 
-11.577 1 4 2 7 12 -1 3 12 21 -1 
0 0 4 20 21 22 -1 0 1 2 -1 
0 0 4 18 19 20 -1 0 1 2 -1 
-0.116638 1 4 16 19 22 -1 0 1 2 -1 
0 0 1 20 -1 21 -1 0 1 2 -1 
0.898813 0 3 13 -1 20 -1 0 1 2 3 
0 0 4 17 18 19 -1 21 22 23 -1 
0 0 4 17 18 19 -1 17 18 19 -1 
-9.09008 1 2 14 17 20 23 3 -1 15 -1 
0 0 4 20 21 22 -1 20 21 22 -1 
-0.0178514 1 1 21 -1 23 -1 20 21 22 -1 
0 0 1 20 -1 21 -1 20 21 22 -1 
-0.744689 1 2 10 12 14 16 6 -1 8 -1 
0 0 4 16 17 18 -1 19 20 21 -1 
0.606313 0 3 5 -1 11 -1 12 13 14 15 
0 0 4 15 16 17 -1 5 6 7 -1 
2.30729 0 2 6 12 18 24 9 -1 10 -1 
2.27651 0 2 2 7 12 17 9 -1 10 -1 
0 0 4 7 8 9 -1 7 8 9 -1 
0 0 4 19 20 21 -1 9 10 11 -1 
-0.0178383 1 1 22 -1 23 -1 17 18 19 -1 
0 0 4 19 20 21 -1 16 17 18 -1 
0 0 4 16 17 18 -1 16 17 18 -1 
23.1756 0 4 8 14 20 -1 6 14 22 -1 
0 0 4 21 22 23 -1 11 12 13 -1 
-0.0119263 1 0 3 4 5 -1 6 -1 8 -1 
-0.0115252 1 4 20 22 24 -1 10 12 14 -1 
0 0 4 1 2 3 -1 7 8 9 -1 
0 0 3 19 -1 20 -1 15 16 17 18 
-0.605763 1 3 14 -1 20 -1 0 1 2 3 
0 0 4 0 1 2 -1 20 21 22 -1 
-0.0135297 1 4 17 19 21 -1 16 17 18 -1 
0 0 0 3 4 5 -1 4 -1 5 -1 
-0.012189 1 0 3 4 5 -1 3 -1 5 -1 
0 0 2 16 17 18 19 20 -1 21 -1 

50
14.7695
1.10104 0.675807 0.63409 0.757147 0.677322 0.658569 0.810153 0.711175 0.846491 0.656497 0.581161 0.57987 0.574074 0.582872 0.585568 0.582722 0.575376 0.590324 0.610413 0.601775 0.541287 0.595316 0.670585 0.650579 0.507417 0.574188 0.505325 0.552447 0.528773 0.527616 0.538412 0.532621 0.495761 0.60005 0.508486 0.697035 0.50606 0.503183 0.621034 0.513464 0.678296 0.54594 0.537681 0.564358 0.53115 0.517432 0.559442 0.56277 0.59132 0.476648 
-45.6838 1 4 3 13 23 -1 6 12 18 -1 
0 0 4 3 4 5 -1 4 5 6 -1 
0 0 0 3 4 5 -1 4 -1 5 -1 
-158.628 1 4 3 12 21 -1 3 12 21 -1 
0 0 4 3 4 5 -1 5 6 7 -1 
0 0 4 1 2 3 -1 1 2 3 -1 
-0.0128356 1 4 3 4 5 -1 1 4 7 -1 
0 0 4 3 4 5 -1 3 4 5 -1 
16.4555 0 4 8 12 16 -1 6 12 18 -1 
-1.12545 1 2 9 13 17 21 6 -1 8 -1 
0 0 0 22 23 24 -1 20 -1 21 -1 
-2.78463 1 2 4 8 12 16 6 -1 8 -1 
0 0 4 0 1 2 -1 8 9 10 -1 
-0.011351 1 2 2 3 4 5 4 -1 5 -1 
0 0 2 2 3 4 5 3 -1 5 -1 
-0.0162555 1 0 3 4 5 -1 3 -1 5 -1 
0 0 0 0 1 2 -1 5 -1 6 -1 
-0.0117584 1 4 2 4 6 -1 5 6 7 -1 
0 0 4 4 5 6 -1 5 6 7 -1 
5.56683 0 1 10 -1 11 -1 6 14 22 -1 
0 0 2 0 1 2 3 5 -1 6 -1 
-0.0165861 1 0 1 2 3 -1 2 -1 6 -1 
0 0 0 1 2 3 -1 4 -1 5 -1 
-0.0114553 1 4 1 2 3 -1 0 3 6 -1 
0 0 4 21 22 23 -1 21 22 23 -1 
-0.0115376 1 4 0 1 2 -1 0 1 2 -1 
0 0 0 21 22 23 -1 20 -1 21 -1 
-0.0213917 1 0 20 22 24 -1 20 -1 21 -1 
0 0 0 20 21 22 -1 20 -1 21 -1 
2.1286 0 0 9 13 17 -1 18 -1 20 -1 
0 0 2 20 21 22 23 20 -1 21 -1 
-3.03772 1 2 6 9 12 15 15 -1 21 -1 
0 0 4 22 23 24 -1 9 10 11 -1 
-0.0121724 1 4 21 22 23 -1 17 18 19 -1 
0 0 0 0 1 2 -1 4 -1 5 -1 
-0.0116984 1 0 0 1 2 -1 3 -1 5 -1 
0 0 4 5 6 7 -1 4 5 6 -1 
0 0 0 5 6 7 -1 0 -1 1 -1 
1.62896 0 3 8 -1 13 -1 13 14 15 16 
0 0 4 5 6 7 -1 3 4 5 -1 
-0.0178057 1 4 5 6 7 -1 2 4 6 -1 
0 0 4 5 6 7 -1 1 4 7 -1 
-0.0121473 1 0 5 6 7 -1 5 -1 6 -1 
0 0 0 5 6 7 -1 3 -1 5 -1 
-0.0123305 1 0 5 6 7 -1 4 -1 5 -1 
0 0 0 2 3 4 -1 9 -1 10 -1 
-0.0118249 1 4 5 6 7 -1 5 6 7 -1 
0 0 4 2 3 4 -1 9 10 11 -1 
-0.017772 1 4 1 3 5 -1 9 10 11 -1 
0 0 4 20 21 22 -1 0 1 2 -1 

100
25.3152
1.05593 0.677401 0.698309 0.840923 0.651078 0.734565 0.645023 0.629866 0.707416 0.679846 0.619851 0.576474 0.668109 0.575128 0.572637 0.545337 0.606937 0.554203 0.647137 0.559314 0.572985 0.538677 0.517431 0.61559 0.490323 0.55354 0.483156 0.562793 0.482707 0.550316 0.591328 0.652252 0.482385 0.556579 0.479135 0.505684 0.577896 0.504018 0.474736 0.479163 0.595621 0.490293 0.471824 0.474117 0.445707 0.509414 0.482106 0.46489 0.575127 0.44874 0.438179 0.493835 0.459765 0.472192 0.474851 0.445828 0.474136 0.544255 0.451281 0.425332 0.504595 0.42966 0.48131 0.426493 0.491284 0.437768 0.465739 0.416661 0.553664 0.595128 0.442953 0.44861 0.443026 0.468848 0.464991 0.458258 0.441904 0.490552 0.439554 0.543727 0.4486 0.479931 0.447275 0.459859 0.441898 0.435726 0.550227 0.439052 0.472437 0.466431 0.42984 0.489015 0.422434 0.411685 0.415305 0.417356 0.446584 0.414737 0.42382 0.437538 
-2.11071 1 1 16 -1 17 -1 8 13 18 -1 
0 0 0 1 2 3 -1 5 -1 6 -1 
0 0 2 1 2 3 4 5 -1 6 -1 
-0.0118211 1 0 2 3 4 -1 5 -1 6 -1 
0 0 0 4 5 6 -1 0 -1 1 -1 
-80.3469 1 4 5 12 19 -1 4 11 18 -1 
0 0 4 3 4 5 -1 5 6 7 -1 
-0.0159645 1 4 2 4 6 -1 5 6 7 -1 
0 0 4 4 5 6 -1 5 6 7 -1 
26.8652 0 4 5 12 19 -1 5 12 19 -1 
10.165 0 1 5 -1 11 -1 5 12 19 -1 
0 0 0 0 1 2 -1 4 -1 5 -1 
-0.0119187 1 0 0 1 2 -1 3 -1 5 -1 
0 0 0 0 1 2 -1 9 -1 10 -1 
-0.0118249 1 0 0 1 2 -1 7 -1 11 -1 
0 0 4 4 5 6 -1 3 4 5 -1 
-1.4991 1 0 8 12 16 -1 9 -1 10 -1 
0 0 4 1 2 3 -1 11 12 13 -1 
-0.0119448 1 0 4 5 6 -1 6 -1 8 -1 
0.0128316 0 0 0 2 4 -1 6 -1 8 -1 
0 0 4 1 2 3 -1 7 8 9 -1 
0.948613 0 0 9 12 15 -1 9 -1 10 -1 
0 0 4 3 4 5 -1 4 5 6 -1 
-0.0119056 1 4 0 1 2 -1 8 9 10 -1 
0 0 4 19 20 21 -1 19 20 21 -1 
0.0116498 0 0 3 4 5 -1 3 -1 5 -1 
0 0 1 23 -1 24 -1 15 16 17 -1 
-5.01215 1 3 14 -1 22 -1 8 13 18 23 
0 0 2 5 6 7 8 0 -1 1 -1 
-0.0115914 1 0 3 4 5 -1 5 -1 6 -1 
0 0 0 5 6 7 -1 0 -1 1 -1 
-0.012134 1 0 4 6 8 -1 0 -1 1 -1 
0 0 0 4 5 6 -1 3 -1 5 -1 
-0.0113889 1 0 4 5 6 -1 4 -1 5 -1 
0 0 4 2 3 4 -1 9 10 11 -1 
0 0 2 1 2 3 4 9 -1 10 -1 
-0.0116175 1 4 21 22 23 -1 21 22 23 -1 
-0.0126624 1 4 0 2 4 -1 10 12 14 -1 
0 0 0 0 1 2 -1 11 -1 13 -1 
0 0 4 3 4 5 -1 3 4 5 -1 
-0.0114658 1 0 2 3 4 -1 9 -1 10 -1 
-0.011564 1 4 1 3 5 -1 9 10 11 -1 
0 0 0 3 4 5 -1 0 -1 1 -1 
0.011697 0 4 1 2 3 -1 0 3 6 -1 
0 0 4 18 21 24 -1 21 22 23 -1 
-0.0114127 1 4 1 2 3 -1 1 2 3 -1 
0 0 4 22 23 24 -1 16 17 18 -1 
0 0 4 5 6 7 -1 3 4 5 -1 
-0.0117405 1 4 5 6 7 -1 2 4 6 -1 
-0.012189 1 4 21 22 23 -1 14 18 22 -1 
0 0 4 22 23 24 -1 9 10 11 -1 
-97.5374 1 4 5 12 19 -1 6 14 22 -1 
0 0 0 22 23 24 -1 9 -1 10 -1 
0 0 4 22 23 24 -1 10 14 18 -1 
-0.0116752 1 0 22 23 24 -1 18 -1 20 -1 
0 0 2 0 1 2 3 11 -1 13 -1 
0 0 2 3 4 5 6 4 -1 5 -1 
-0.0116864 1 2 3 4 5 6 3 -1 5 -1 
0.0118882 0 2 3 4 5 6 1 -1 8 -1 
0 0 0 2 3 4 -1 0 -1 1 -1 
-0.0118837 1 0 1 3 5 -1 0 -1 1 -1 
0 0 4 1 2 3 -1 21 22 23 -1 
-0.0152365 1 4 17 19 21 -1 19 20 21 -1 
0 0 0 1 2 3 -1 20 -1 21 -1 
-0.0118868 1 0 1 2 3 -1 11 -1 13 -1 
0 0 0 5 6 7 -1 4 -1 5 -1 
-0.0117572 1 0 5 6 7 -1 3 -1 5 -1 
0 0 0 2 3 4 -1 4 -1 5 -1 
0 0 2 2 3 4 5 4 -1 5 -1 
-2.76405 1 3 13 -1 19 -1 3 4 5 6 
-0.0116166 1 2 2 3 4 5 3 -1 5 -1 
0 0 4 21 22 23 -1 17 18 19 -1 
0 0 3 1 -1 3 -1 0 1 2 3 
-0.013383 1 0 2 3 4 -1 3 -1 5 -1 
0 0 4 0 3 6 -1 1 2 3 -1 
-0.0687403 1 3 21 -1 22 -1 15 18 21 24 
0 0 0 1 2 3 -1 0 -1 1 -1 
-0.0174568 1 1 21 -1 22 -1 15 16 17 -1 
0 0 4 0 1 2 -1 0 1 2 -1 
-0.0121094 1 0 1 2 3 -1 4 -1 5 -1 
0 0 1 0 -1 1 -1 0 1 2 -1 
-0.0130997 1 4 2 4 6 -1 3 4 5 -1 
0 0 0 1 4 7 -1 5 -1 6 -1 
-0.0146404 1 0 3 5 7 -1 0 -1 1 -1 
0 0 2 17 18 19 20 20 -1 21 -1 
0 0 1 2 -1 3 -1 17 18 19 -1 
-0.0164819 1 1 0 -1 3 -1 17 18 19 -1 
0 0 1 22 -1 23 -1 11 12 13 -1 
-1.22865 1 3 18 -1 24 -1 1 6 11 16 
-0.0118146 1 0 1 2 3 -1 16 -1 23 -1 
0 0 0 1 2 3 -1 3 -1 5 -1 
-0.0114245 1 2 0 1 2 3 3 -1 5 -1 
-0.0114556 1 2 16 18 20 22 20 -1 21 -1 
0 0 4 5 6 7 -1 4 5 6 -1 
-6.86705 1 2 0 4 8 12 9 -1 20 -1 
0 0 4 21 22 23 -1 7 8 9 -1 
-0.0133553 1 0 0 1 2 -1 5 -1 6 -1 
0 0 4 18 19 20 -1 14 16 18 -1 
-0.0117267 1 4 19 20 21 -1 9 10 11 -1 
0 0 0 19 20 21 -1 14 -1 20 -1 

120
36.7958
0.972028 0.704163 0.679721 0.781454 0.629838 0.729728 0.685525 0.656317 0.801949 0.734297 0.785467 0.726193 0.803379 0.635106 0.770774 0.646735 0.6211 0.869414 0.63944 0.661824 0.648619 0.696283 0.586673 0.744593 0.570023 0.782825 0.550215 0.614196 0.562983 0.619417 0.574296 0.662848 0.594623 0.5983 0.594282 0.652902 0.557584 0.639069 0.555463 0.6032 0.566947 0.687004 0.534994 0.569155 0.52119 0.548154 0.508632 0.564311 0.509585 0.60404 0.555122 0.548991 0.723035 0.574809 0.658631 0.585614 0.65658 0.643643 0.589793 0.760229 0.613443 0.565873 0.576976 0.666199 0.587035 0.664708 0.629984 0.53841 0.595341 0.502231 0.6176 0.505499 0.612996 0.51361 0.570365 0.488884 0.52672 0.522282 0.531819 0.501117 0.545319 0.503548 0.605065 0.482393 0.496987 0.480656 0.56198 0.482413 0.532942 0.604274 0.509826 0.543405 0.50081 0.566788 0.513708 0.538113 0.627466 0.621373 0.598973 0.525986 0.623456 0.710079 0.684099 0.688954 0.660428 0.645665 0.638578 0.558449 0.581231 0.621509 0.543508 0.589597 0.617973 0.586043 0.805704 0.707586 0.679773 0.59244 0.577541 0.589959 
-93.1293 1 4 3 12 21 -1 4 13 22 -1 
0 0 0 1 2 3 -1 5 -1 6 -1 
0 0 4 3 4 5 -1 4 5 6 -1 
-0.0116188 1 2 0 1 2 3 5 -1 6 -1 
0 0 4 20 21 22 -1 20 21 22 -1 
-167.374 1 4 3 12 21 -1 3 12 21 -1 
0 0 0 20 21 22 -1 20 -1 21 -1 
0 0 4 5 6 7 -1 5 6 7 -1 
-0.0127063 1 4 2 4 6 -1 4 5 6 -1 
0 0 4 4 5 6 -1 4 5 6 -1 
-0.0116099 1 4 5 6 7 -1 4 5 6 -1 
0 0 2 4 5 6 7 5 -1 6 -1 
-0.0118276 1 2 4 5 6 7 4 -1 5 -1 
0 0 2 20 21 22 23 20 -1 21 -1 
-0.0116606 1 0 21 22 23 -1 20 -1 21 -1 
0 0 4 21 22 23 -1 17 18 19 -1 
0 0 1 19 -1 22 -1 17 18 19 -1 
-0.0175164 1 1 20 -1 23 -1 17 18 19 -1 
0 0 1 22 -1 23 -1 17 18 19 -1 
-0.0115418 1 0 0 1 2 -1 5 -1 6 -1 
0 0 4 3 4 5 -1 5 6 7 -1 
-0.018473 1 1 6 -1 7 -1 5 6 7 -1 
0 0 4 21 22 23 -1 21 22 23 -1 
-0.0200834 1 4 18 21 24 -1 21 22 23 -1 
0 0 3 21 -1 23 -1 20 21 22 23 
-0.016124 1 3 20 -1 21 -1 20 21 22 23 
0 0 4 20 22 24 -1 18 20 22 -1 
-0.0117564 1 4 20 21 22 -1 16 19 22 -1 
0 0 4 22 23 24 -1 16 17 18 -1 
23.4983 0 4 9 14 19 -1 3 12 21 -1 
0 0 4 4 5 6 -1 5 6 7 -1 
0.0175883 0 1 3 -1 4 -1 5 6 7 -1 
0 0 0 2 3 4 -1 5 -1 6 -1 
25.923 0 4 0 6 12 -1 1 10 19 -1 
0 0 4 4 5 6 -1 3 4 5 -1 
-0.0114743 1 4 4 5 6 -1 2 4 6 -1 
0 0 0 21 22 23 -1 15 -1 21 -1 
-0.0119198 1 0 21 22 23 -1 14 -1 20 -1 
0 0 4 1 2 3 -1 1 2 3 -1 
-0.0117042 1 4 20 22 24 -1 15 18 21 -1 
0 0 2 2 3 4 5 4 -1 5 -1 
-0.0117138 1 0 3 4 5 -1 4 -1 5 -1 
0 0 0 21 22 23 -1 18 -1 20 -1 
-0.0116033 1 4 17 18 19 -1 17 18 19 -1 
0 0 4 1 2 3 -1 17 18 19 -1 
0.0115298 0 0 4 5 6 -1 5 -1 6 -1 
0 0 4 1 2 3 -1 21 22 23 -1 
-0.0120531 1 1 2 -1 3 -1 21 22 23 -1 
0 0 4 19 20 21 -1 19 20 21 -1 
-3.86447 1 0 20 21 22 -1 0 -1 21 -1 
0 0 2 19 20 21 22 20 -1 21 -1 
0 0 0 19 20 21 -1 18 -1 20 -1 
-0.0120696 1 0 19 21 23 -1 20 -1 21 -1 
0 0 0 19 20 21 -1 20 -1 21 -1 
-0.0118868 1 0 19 20 21 -1 15 -1 21 -1 
0 0 0 20 22 24 -1 20 -1 21 -1 
-0.0114854 1 0 22 23 24 -1 20 -1 21 -1 
0 0 2 21 22 23 24 20 -1 21 -1 
-0.0121082 1 1 22 -1 23 -1 21 22 23 -1 
0 0 1 20 -1 23 -1 21 22 23 -1 
-0.0115624 1 2 20 21 22 23 18 -1 20 -1 
0 0 2 20 21 22 23 15 -1 21 -1 
0 0 0 19 20 21 -1 16 -1 23 -1 
-0.0160785 1 1 20 -1 21 -1 20 21 22 -1 
0 0 1 18 -1 20 -1 20 21 22 -1 
-0.0118501 1 0 18 20 22 -1 20 -1 21 -1 
0.0129409 0 0 18 21 24 -1 20 -1 21 -1 
0 0 4 3 4 5 -1 13 14 15 -1 
-0.011687 1 0 21 22 23 -1 16 -1 23 -1 
0 0 3 19 -1 20 -1 15 16 17 18 
-0.0139286 1 3 18 -1 20 -1 15 16 17 18 
0 0 4 18 19 20 -1 20 21 22 -1 
-0.0121691 1 1 19 -1 20 -1 20 21 22 -1 
0 0 1 3 -1 4 -1 3 4 5 -1 
-0.0114654 1 1 2 -1 5 -1 3 4 5 -1 
0 0 4 3 4 5 -1 3 4 5 -1 
-0.0114798 1 2 3 4 5 6 2 -1 6 -1 
0 0 2 3 4 5 6 5 -1 6 -1 
-0.011961 1 4 1 2 3 -1 7 8 9 -1 
0 0 0 1 2 3 -1 9 -1 10 -1 
-0.011414 1 0 1 2 3 -1 6 -1 8 -1 
0 0 0 1 2 3 -1 4 -1 5 -1 
-0.0118476 1 0 1 2 3 -1 2 -1 6 -1 
0 0 1 0 -1 1 -1 8 9 10 -1 
-4.669 1 1 7 -1 9 -1 0 9 18 -1 
0 0 4 12 13 14 -1 19 20 21 -1 
-0.0118172 1 4 11 13 15 -1 19 20 21 -1 
0 0 2 0 1 2 3 4 -1 5 -1 
0 0 1 1 -1 2 -1 3 4 5 -1 
2.68467 0 3 1 -1 13 -1 12 13 14 15 
0 0 4 22 23 24 -1 9 10 11 -1 
0.011697 0 0 3 4 5 -1 5 -1 6 -1 
0 0 3 23 -1 24 -1 10 11 12 13 
-0.0116224 1 4 21 22 23 -1 11 12 13 -1 
0 0 2 21 22 23 24 9 -1 10 -1 
0 0 4 22 23 24 -1 12 13 14 -1 
-0.0121473 1 0 4 5 6 -1 4 -1 5 -1 
0 0 2 3 4 5 6 4 -1 5 -1 
-0.0134629 1 4 21 22 23 -1 7 8 9 -1 
0 0 0 21 22 23 -1 9 -1 10 -1 
0 0 4 21 22 23 -1 8 11 14 -1 
-0.0117321 1 0 22 23 24 -1 10 -1 16 -1 
0 0 0 22 23 24 -1 11 -1 13 -1 
-0.0117968 1 0 21 22 23 -1 11 -1 13 -1 
0 0 0 21 22 23 -1 8 -1 15 -1 
-0.0116999 1 0 21 22 23 -1 7 -1 11 -1 
-0.0116377 1 2 21 22 23 24 7 -1 11 -1 
0 0 2 21 22 23 24 5 -1 6 -1 
0 0 0 21 22 23 -1 5 -1 6 -1 
-0.818911 1 1 11 -1 17 -1 3 4 5 -1 
0 0 0 17 18 19 -1 18 -1 20 -1 
-0.0160985 1 3 18 -1 20 -1 20 21 22 23 
0 0 3 19 -1 20 -1 20 21 22 23 
0 0 1 19 -1 23 -1 19 20 21 -1 
-0.0159978 1 1 20 -1 24 -1 19 20 21 -1 
0 0 1 22 -1 24 -1 19 20 21 -1 
0.0127088 0 4 21 22 23 -1 12 17 22 -1 
-0.0131812 1 1 19 -1 22 -1 21 22 23 -1 
0 0 4 2 3 4 -1 9 10 11 -1 
-0.0191102 1 4 1 3 5 -1 9 10 11 -1 

140
43.7336
1.00855 0.774028 0.707114 0.898798 0.777039 0.958232 0.724252 0.717061 0.679976 0.682952 0.67335 0.754828 0.743389 0.677306 0.683769 0.661344 0.650492 0.681838 0.618269 0.694763 0.657485 0.639153 0.691543 0.662849 0.792579 0.753173 0.615731 0.804569 0.615279 0.605379 0.614494 0.633593 0.612234 0.601029 0.702216 0.581976 0.654329 0.629952 0.729067 0.585957 0.612738 0.561706 0.614196 0.556928 0.601454 0.62594 0.59308 0.731245 0.550809 0.734573 0.540864 0.629185 0.653816 0.615115 0.58779 0.577049 0.547728 0.593882 0.559134 0.56204 0.691029 0.65808 0.682434 0.628629 0.609421 0.575974 0.707172 0.560027 0.755638 0.5792 0.601529 0.566244 0.590213 0.667453 0.643943 0.70062 0.595798 0.56323 0.582107 0.535701 0.609832 0.582792 0.65352 0.543312 0.517329 0.552274 0.537962 0.517605 0.585939 0.52907 0.724468 0.555376 0.585408 0.551741 0.535821 0.627132 0.571133 0.590951 0.54823 0.592883 0.664327 0.569815 0.536021 0.570161 0.53356 0.580123 0.581394 0.569205 0.631087 0.630286 0.571897 0.62556 0.681851 0.543288 0.537646 0.563436 0.615022 0.584199 0.632615 0.533234 0.60438 0.559077 0.579082 0.553439 0.579099 0.598086 0.610923 0.581993 0.604646 0.531926 0.622639 0.636273 0.606364 0.537204 0.602912 0.579469 0.571081 0.535602 0.526476 0.517207 
-19.0587 1 4 8 12 16 -1 6 12 18 -1 
0 0 4 0 1 2 -1 0 1 2 -1 
0 0 4 3 4 5 -1 3 4 5 -1 
-0.0108073 1 4 3 4 5 -1 2 4 6 -1 
0 0 4 3 4 5 -1 4 5 6 -1 
-122.805 1 4 7 13 19 -1 3 12 21 -1 
0 0 0 3 4 5 -1 4 -1 5 -1 
-0.0110588 1 0 3 4 5 -1 2 -1 6 -1 
0 0 0 0 1 2 -1 0 -1 1 -1 
-0.964107 1 0 9 12 15 -1 9 -1 10 -1 
0 0 4 1 2 3 -1 1 2 3 -1 
-0.0112257 1 1 2 -1 3 -1 1 2 3 -1 
0 0 1 0 -1 3 -1 1 2 3 -1 
-0.0119099 1 3 0 -1 1 -1 0 1 2 3 
0 0 3 1 -1 3 -1 0 1 2 3 
-0.0119768 1 1 1 -1 5 -1 1 2 3 -1 
0 0 1 3 -1 7 -1 1 2 3 -1 
-0.0108786 1 4 0 3 6 -1 1 2 3 -1 
0 0 0 3 4 5 -1 3 -1 5 -1 
-0.0103073 1 2 2 3 4 5 4 -1 5 -1 
0 0 2 2 3 4 5 3 -1 5 -1 
-0.011961 1 0 0 2 4 -1 0 -1 1 -1 
0 0 0 1 2 3 -1 0 -1 1 -1 
-0.011411 1 0 1 2 3 -1 3 -1 5 -1 
0 0 0 1 2 3 -1 4 -1 5 -1 
-0.0115162 1 0 1 2 3 -1 5 -1 6 -1 
0 0 0 0 1 2 -1 5 -1 6 -1 
0.0115298 0 2 0 1 2 3 5 -1 6 -1 
0 0 4 2 3 4 -1 9 10 11 -1 
-0.0113901 1 4 3 4 5 -1 5 6 7 -1 
0 0 4 1 4 7 -1 5 6 7 -1 
-0.0120701 1 4 4 5 6 -1 5 6 7 -1 
0 0 0 22 23 24 -1 20 -1 21 -1 
0 0 2 1 2 3 4 0 -1 1 -1 
-0.0119842 1 0 2 3 4 -1 0 -1 1 -1 
0 0 4 4 5 6 -1 3 4 5 -1 
-0.0114438 1 4 4 5 6 -1 2 4 6 -1 
0 0 4 4 5 6 -1 4 5 6 -1 
-0.0114366 1 4 22 23 24 -1 16 17 18 -1 
0 0 4 21 22 23 -1 17 18 19 -1 
-5.38705 1 2 10 13 16 19 14 -1 20 -1 
0 0 4 21 22 23 -1 11 12 13 -1 
-0.0111396 1 4 22 23 24 -1 9 10 11 -1 
0 0 4 1 2 3 -1 7 8 9 -1 
-0.0139504 1 1 2 -1 3 -1 7 8 9 -1 
0 0 1 0 -1 3 -1 7 8 9 -1 
0 0 4 20 21 22 -1 14 16 18 -1 
-0.0117917 1 4 19 21 23 -1 15 16 17 -1 
0 0 3 20 -1 21 -1 15 16 17 18 
-0.0138334 1 3 21 -1 23 -1 15 16 17 18 
0 0 2 0 1 2 3 0 -1 1 -1 
-0.0116526 1 4 5 6 7 -1 3 4 5 -1 
0 0 4 5 6 7 -1 2 4 6 -1 
-0.0111069 1 4 5 6 7 -1 4 5 6 -1 
0 0 4 21 22 23 -1 7 8 9 -1 
-0.013383 1 2 2 3 4 5 2 -1 6 -1 
0 0 3 1 -1 2 -1 8 9 10 11 
-0.0115232 1 2 0 1 2 3 4 -1 5 -1 
0 0 0 14 15 16 -1 0 -1 1 -1 
0 0 3 1 -1 2 -1 3 4 5 6 
-0.0113761 1 1 1 -1 2 -1 4 5 6 -1 
0 0 1 1 -1 2 -1 3 4 5 -1 
-0.0113655 1 0 0 1 2 -1 4 -1 5 -1 
0 0 0 0 1 2 -1 3 -1 5 -1 
-0.0113655 1 0 0 1 2 -1 2 -1 6 -1 
0 0 0 3 4 5 -1 5 -1 6 -1 
-0.0119768 1 4 2 4 6 -1 4 5 6 -1 
0 0 1 22 -1 24 -1 16 17 18 -1 
-0.0132901 1 1 20 -1 24 -1 16 17 18 -1 
0 0 1 19 -1 23 -1 16 17 18 -1 
-0.0128391 1 1 18 -1 23 -1 16 17 18 -1 
0 0 3 18 -1 20 -1 15 16 17 18 
0 0 1 23 -1 24 -1 5 6 7 -1 
-0.0115941 1 0 21 22 23 -1 8 -1 15 -1 
0 0 0 21 22 23 -1 7 -1 11 -1 
-0.0117407 1 0 21 22 23 -1 9 -1 10 -1 
-0.0118857 1 3 3 -1 4 -1 8 9 10 11 
0 0 4 21 22 23 -1 1 2 3 -1 
0.0156375 0 3 2 -1 5 -1 8 9 10 11 
0 0 2 3 4 5 6 0 -1 1 -1 
-0.0157221 1 0 2 4 6 -1 4 -1 5 -1 
0 0 0 4 5 6 -1 4 -1 5 -1 
-0.0115232 1 2 3 4 5 6 4 -1 5 -1 
0.0116498 0 0 21 22 23 -1 11 -1 13 -1 
0 0 2 20 21 22 23 0 -1 1 -1 
-0.0117584 1 4 20 21 22 -1 0 1 2 -1 
0 0 3 20 -1 21 -1 0 1 2 3 
0 0 0 10 11 12 -1 0 -1 1 -1 
-0.0118857 1 4 20 21 22 -1 12 15 18 -1 
0 0 2 4 5 6 7 0 -1 1 -1 
-0.012071 1 0 5 6 7 -1 0 -1 1 -1 
0 0 0 2 3 4 -1 4 -1 5 -1 
-0.0114832 1 2 1 2 3 4 4 -1 5 -1 
0 0 4 17 18 19 -1 21 22 23 -1 
0 0 4 6 7 8 -1 16 17 18 -1 
1.78213 0 3 9 -1 13 -1 13 14 15 16 
0 0 0 3 4 5 -1 0 -1 1 -1 
-0.0112709 1 2 2 3 4 5 0 -1 1 -1 
0 0 4 5 6 7 -1 13 14 15 -1 
0 0 1 21 -1 23 -1 0 1 2 -1 
-0.0117564 1 1 21 -1 22 -1 5 6 7 -1 
-0.0120696 1 1 1 -1 5 -1 11 12 13 -1 
0 0 2 3 4 5 6 3 -1 5 -1 
-0.0116299 1 0 4 5 6 -1 3 -1 5 -1 
0 0 1 20 -1 21 -1 8 9 10 -1 
-0.0117409 1 0 22 23 24 -1 6 -1 8 -1 
0 0 0 22 23 24 -1 5 -1 6 -1 
-0.012157 1 0 22 23 24 -1 2 -1 6 -1 
0 0 0 22 23 24 -1 3 -1 5 -1 
-0.0123215 1 0 22 23 24 -1 4 -1 5 -1 
0 0 2 21 22 23 24 4 -1 5 -1 
0 0 4 21 22 23 -1 0 3 6 -1 
-0.0121001 1 4 17 18 19 -1 1 2 3 -1 
0.225014 0 1 8 -1 12 -1 21 22 23 -1 
0 0 4 2 3 4 -1 12 13 14 -1 
0 0 4 15 16 17 -1 4 5 6 -1 
26.9122 0 0 0 4 8 -1 11 -1 23 -1 
0 0 4 19 20 21 -1 12 13 14 -1 
-0.0119842 1 2 21 22 23 24 3 -1 5 -1 
0 0 2 21 22 23 24 2 -1 6 -1 
-0.0117409 1 2 21 22 23 24 5 -1 6 -1 
0 0 2 21 22 23 24 6 -1 8 -1 
0.0115298 0 4 16 17 18 -1 12 13 14 -1 
0 0 4 2 3 4 -1 16 17 18 -1 
-0.0110278 1 0 19 20 21 -1 18 -1 20 -1 
0 0 4 19 20 21 -1 16 17 18 -1 
-0.0128594 1 1 21 -1 23 -1 8 9 10 -1 
0 0 1 21 -1 22 -1 4 5 6 -1 
-0.0118348 1 4 19 21 23 -1 4 5 6 -1 
0 0 0 20 21 22 -1 9 -1 10 -1 
-0.0127111 1 0 21 22 23 -1 3 -1 5 -1 
0 0 0 21 22 23 -1 4 -1 5 -1 
-0.0117121 1 1 18 -1 19 -1 4 5 6 -1 
0 0 1 19 -1 22 -1 7 8 9 -1 
-0.0124062 1 0 20 21 22 -1 4 -1 5 -1 
0 0 0 20 21 22 -1 0 -1 1 -1 
-0.0130311 1 1 18 -1 22 -1 7 8 9 -1 
-0.0117409 1 4 1 3 5 -1 12 13 14 -1 
0 0 1 3 -1 4 -1 4 5 6 -1 
0 0 4 4 5 6 -1 1 4 7 -1 

160
57.0208
1.01256 0.776427 0.677631 0.861265 0.775711 0.818319 0.71704 0.75057 0.733574 0.712302 0.732988 0.709854 0.683199 0.717093 0.919647 0.787188 0.875117 0.743141 0.911086 0.695073 0.723495 0.891009 0.833016 0.88669 0.732486 0.817328 0.706416 0.718082 0.896642 0.800981 0.788366 0.726171 0.886301 0.726969 0.793607 0.661657 0.700512 0.895912 0.768252 0.925794 0.787321 0.859017 0.683408 0.841225 0.691182 0.877258 0.649341 0.682614 0.81966 0.727715 0.848098 0.796051 0.784248 0.68756 0.758146 0.635359 0.67792 0.885103 0.722694 0.819582 0.647796 0.779505 0.703537 0.736827 0.696971 0.78205 0.643653 0.767204 0.716594 0.749755 0.665581 0.722265 0.627819 0.667175 0.626414 0.699052 0.632779 0.755669 0.80796 0.765316 0.614684 0.722134 0.624161 0.656652 0.667099 0.832872 0.968407 0.836067 0.704352 0.718183 0.678031 0.652957 0.653161 0.655573 0.600204 0.708824 0.621972 0.634601 0.649736 0.692994 0.640429 0.652368 0.574814 0.609376 0.605069 0.653183 0.584969 0.644694 0.573863 0.604548 0.9671 0.568654 0.616465 0.575793 0.57606 0.714034 0.568348 0.701891 0.734023 0.583279 0.583546 0.61381 0.642219 0.655456 0.581075 0.677526 0.572254 0.615929 0.682288 0.570817 0.61797 0.667596 0.662033 0.598862 0.626555 0.637217 0.603792 0.634895 0.605659 0.599396 0.609059 0.717231 0.600128 0.616034 0.82644 0.689709 0.573823 0.610848 0.669303 0.66202 0.603435 0.632887 0.616624 0.619737 0.770597 0.659023 0.783398 0.663176 0.68358 0.652625 
-89.2822 1 4 4 13 22 -1 3 12 21 -1 
0 0 4 0 1 2 -1 0 1 2 -1 
0 0 0 0 1 2 -1 0 -1 1 -1 
-0.011961 1 0 1 2 3 -1 0 -1 1 -1 
0 0 2 0 1 2 3 0 -1 1 -1 
-0.011647 1 4 1 2 3 -1 1 2 3 -1 
0 0 0 1 2 3 -1 4 -1 5 -1 
0 1 0 1 2 3 -1 3 -1 5 -1 
0 0 0 1 2 3 -1 2 -1 6 -1 
-0.0112103 1 0 1 2 3 -1 1 -1 8 -1 
0 0 0 1 2 3 -1 6 -1 8 -1 
-0.0106215 1 0 1 2 3 -1 5 -1 6 -1 
0 0 4 0 1 2 -1 8 9 10 -1 
0 0 0 0 1 2 -1 5 -1 6 -1 
-0.0115573 1 0 0 1 2 -1 9 -1 10 -1 
0 0 0 0 1 2 -1 7 -1 11 -1 
-0.0117719 1 0 0 1 2 -1 1 -1 8 -1 
0 0 0 0 1 2 -1 3 -1 5 -1 
-0.0115573 1 0 0 1 2 -1 4 -1 5 -1 
0 0 0 0 1 2 -1 6 -1 8 -1 
0 0 4 19 20 21 -1 19 20 21 -1 
-0.00839217 1 4 3 4 5 -1 3 4 5 -1 
0 0 4 3 4 5 -1 2 4 6 -1 
-0.0111554 1 4 3 4 5 -1 4 5 6 -1 
0 0 0 3 4 5 -1 5 -1 6 -1 
-0.0115573 1 0 3 4 5 -1 4 -1 5 -1 
0 0 0 5 6 7 -1 0 -1 1 -1 
0 0 4 21 22 23 -1 17 18 19 -1 
-0.00968856 1 0 21 22 23 -1 18 -1 20 -1 
0 0 0 21 22 23 -1 16 -1 23 -1 
-0.0117664 1 4 21 22 23 -1 21 22 23 -1 
0 0 2 0 1 2 3 5 -1 6 -1 
-0.011426 1 2 0 1 2 3 4 -1 5 -1 
0 0 2 0 1 2 3 3 -1 5 -1 
-0.0118581 1 2 0 1 2 3 2 -1 6 -1 
0 0 4 4 5 6 -1 4 5 6 -1 
0 0 0 3 4 5 -1 0 -1 1 -1 
-0.0119199 1 1 1 -1 3 -1 0 1 2 -1 
0 0 1 4 -1 5 -1 0 1 2 -1 
-0.0120883 1 3 1 -1 3 -1 0 1 2 3 
0 0 3 4 -1 5 -1 0 1 2 3 
-0.0117664 1 4 19 20 21 -1 16 17 18 -1 
0 0 0 19 20 21 -1 18 -1 20 -1 
-0.0115573 1 0 19 20 21 -1 20 -1 21 -1 
0 0 2 5 6 7 8 0 -1 1 -1 
-0.012026 1 0 6 7 8 -1 0 -1 1 -1 
0 0 4 1 2 3 -1 7 8 9 -1 
0 0 4 7 8 9 -1 1 2 3 -1 
-0.0114163 1 4 4 5 6 -1 3 4 5 -1 
0 0 0 4 5 6 -1 4 -1 5 -1 
-0.0118435 1 0 4 5 6 -1 5 -1 6 -1 
0 0 4 4 5 6 -1 2 4 6 -1 
-0.0121507 1 4 4 5 6 -1 1 4 7 -1 
0 0 2 0 1 2 3 1 -1 8 -1 
0.0115298 0 0 0 1 2 -1 2 -1 6 -1 
0 0 4 4 5 6 -1 5 6 7 -1 
0 0 2 3 4 5 6 5 -1 6 -1 
-0.0110308 1 4 3 4 5 -1 5 6 7 -1 
0 0 4 2 4 6 -1 5 6 7 -1 
-0.0113978 1 4 1 4 7 -1 5 6 7 -1 
0 0 0 3 4 5 -1 6 -1 8 -1 
-0.0119962 1 0 3 5 7 -1 0 -1 1 -1 
0 0 0 4 5 6 -1 0 -1 1 -1 
0.0118438 0 2 4 5 6 7 0 -1 1 -1 
0 0 4 20 21 22 -1 20 21 22 -1 
-0.0113054 1 2 20 21 22 23 20 -1 21 -1 
0 0 0 21 22 23 -1 20 -1 21 -1 
-0.0117801 1 0 20 22 24 -1 20 -1 21 -1 
0 0 0 22 23 24 -1 20 -1 21 -1 
-0.0114438 1 0 1 2 3 -1 9 -1 10 -1 
0 0 2 0 1 2 3 9 -1 10 -1 
-0.0117205 1 2 0 1 2 3 7 -1 11 -1 
0 0 0 1 2 3 -1 7 -1 11 -1 
-0.0116721 1 0 0 1 2 -1 0 -1 11 -1 
0 0 4 22 23 24 -1 9 10 11 -1 
0.0161388 0 4 5 6 7 -1 2 4 6 -1 
0 0 1 17 -1 18 -1 17 18 19 -1 
-0.0158055 1 3 19 -1 20 -1 15 16 17 18 
0 0 3 20 -1 21 -1 15 16 17 18 
-0.0117343 1 4 5 6 7 -1 3 4 5 -1 
0 0 2 21 22 23 24 9 -1 10 -1 
-0.0128985 1 1 16 -1 20 -1 17 18 19 -1 
0 0 4 15 16 17 -1 15 16 17 -1 
-0.0114699 1 4 14 16 18 -1 14 16 18 -1 
0 0 1 21 -1 22 -1 15 16 17 -1 
0 0 3 21 -1 23 -1 15 16 17 18 
-0.0175368 1 1 22 -1 24 -1 16 17 18 -1 
0.011628 0 1 20 -1 24 -1 16 17 18 -1 
0 0 4 22 23 24 -1 16 17 18 -1 
-14.5056 1 2 15 18 21 24 0 -1 11 -1 
0 0 0 21 22 23 -1 9 -1 10 -1 
-0.0128637 1 1 22 -1 23 -1 17 18 19 -1 
0 0 1 20 -1 23 -1 17 18 19 -1 
-0.0104649 1 4 20 22 24 -1 18 20 22 -1 
0 0 4 21 22 23 -1 1 2 3 -1 
-0.0110383 1 4 21 22 23 -1 7 8 9 -1 
0 0 4 17 18 19 -1 17 18 19 -1 
-0.0126092 1 0 21 22 23 -1 5 -1 6 -1 
0 0 0 20 21 22 -1 20 -1 21 -1 
-0.0116358 1 0 22 23 24 -1 18 -1 20 -1 
0 0 0 20 22 24 -1 5 -1 6 -1 
-0.0117664 1 0 20 21 22 -1 11 -1 13 -1 
0 0 3 23 -1 24 -1 3 4 5 6 
-0.0118462 1 1 19 -1 22 -1 17 18 19 -1 
0 0 1 23 -1 24 -1 3 4 5 -1 
-0.0119842 1 1 23 -1 24 -1 2 4 6 -1 
0 0 4 18 19 20 -1 0 1 2 -1 
-0.410186 1 2 10 12 14 16 9 -1 10 -1 
0 0 4 1 2 3 -1 11 12 13 -1 
0 0 4 1 3 5 -1 9 10 11 -1 
-0.0117205 1 4 2 3 4 -1 9 10 11 -1 
0 0 4 21 22 23 -1 11 12 13 -1 
-0.0192647 1 1 3 -1 4 -1 15 16 17 -1 
-0.0119707 1 2 16 17 18 19 4 -1 5 -1 
0 0 1 22 -1 23 -1 7 8 9 -1 
-0.0196128 1 1 20 -1 23 -1 7 8 9 -1 
0 0 1 20 -1 21 -1 8 9 10 -1 
0 0 4 20 21 22 -1 8 9 10 -1 
-0.0121867 1 4 19 20 21 -1 12 13 14 -1 
-0.128206 1 1 6 -1 10 -1 11 12 13 -1 
0 0 1 22 -1 23 -1 21 22 23 -1 
-0.0114026 1 1 20 -1 23 -1 21 22 23 -1 
0 0 1 19 -1 22 -1 21 22 23 -1 
-0.0114852 1 4 17 18 19 -1 21 22 23 -1 
0 0 0 21 22 23 -1 0 -1 1 -1 
-0.0174092 1 0 20 22 24 -1 0 -1 1 -1 
0 0 2 2 3 4 5 0 -1 1 -1 
0 0 0 2 3 4 -1 0 -1 1 -1 
-0.0117768 1 4 22 23 24 -1 12 13 14 -1 
0 0 3 1 -1 2 -1 3 4 5 6 
-0.0159015 1 3 0 -1 5 -1 3 4 5 6 
0 0 3 3 -1 4 -1 3 4 5 6 
-0.0140365 1 0 1 3 5 -1 0 -1 1 -1 
0 0 0 0 2 4 -1 0 -1 1 -1 
-0.0109224 1 1 3 -1 4 -1 4 5 6 -1 
0 0 1 2 -1 5 -1 4 5 6 -1 
-0.0116099 1 1 21 -1 23 -1 8 9 10 -1 
0 0 0 20 21 22 -1 0 -1 1 -1 
-0.0115758 1 0 22 23 24 -1 9 -1 10 -1 
0 0 0 22 23 24 -1 7 -1 11 -1 
0 0 1 23 -1 24 -1 13 14 15 -1 
-0.0110793 1 1 22 -1 23 -1 11 12 13 -1 
0 0 1 20 -1 23 -1 11 12 13 -1 
0 0 3 21 -1 22 -1 3 4 5 6 
0.0118438 0 1 21 -1 22 -1 3 4 5 -1 
-0.0112387 1 1 21 -1 22 -1 4 5 6 -1 
0 0 4 5 6 7 -1 5 6 7 -1 
-0.0118435 1 0 5 6 7 -1 6 -1 8 -1 
0 0 0 5 6 7 -1 5 -1 6 -1 
-0.0163379 1 1 0 -1 5 -1 4 5 6 -1 
0 0 1 1 -1 2 -1 4 5 6 -1 
-0.0144273 1 0 2 3 4 -1 9 -1 10 -1 
0 0 4 1 2 3 -1 21 22 23 -1 
0 0 3 1 -1 2 -1 8 9 10 11 
-0.0175787 1 1 0 -1 4 -1 9 10 11 -1 
0 0 1 0 -1 1 -1 8 9 10 -1 
-0.0124089 1 1 2 -1 3 -1 7 8 9 -1 
0 0 1 1 -1 2 -1 6 8 10 -1 
-0.013485 1 1 0 -1 2 -1 5 8 11 -1 
0 0 3 0 -1 1 -1 15 16 17 18 

180
55.6677
0.979449 0.76311 0.750724 0.725701 0.771533 0.714422 0.80834 0.732696 0.692959 0.706739 0.68571 0.949417 0.713939 0.754272 0.842467 0.784801 0.77911 0.736161 0.716465 0.82339 0.695019 0.811836 0.666315 0.685621 1.04374 0.656519 0.804305 0.654829 0.709084 0.674631 0.650169 0.641467 0.706536 0.654614 0.632875 0.804186 0.670126 0.715509 0.643757 0.670447 0.652333 0.651946 0.635292 0.590595 0.614853 0.559277 0.699148 0.580444 0.661723 0.586397 0.615849 0.577303 0.563063 0.595662 0.691251 0.636957 0.558957 0.574115 0.718139 0.583143 0.719435 0.636424 0.661615 0.53759 0.586844 0.563397 0.589875 0.558539 0.660803 0.613027 0.633289 0.599123 0.565279 0.712994 0.583386 0.633214 0.59021 0.607415 0.55268 0.589372 0.567021 0.603918 0.568644 0.660119 0.535967 0.615666 0.556616 0.650488 0.56806 0.551476 0.692404 0.55467 0.664121 0.559314 0.588256 0.571953 0.588733 0.538006 0.718743 0.533643 0.687174 0.541078 0.550112 0.548434 0.591653 0.559484 0.589065 0.545097 0.795863 0.547028 0.569379 0.519629 0.550359 0.602817 0.54467 0.627492 0.578968 0.526 0.605954 0.685762 0.538953 0.525305 0.567807 0.536633 0.571035 0.606362 0.578821 0.779969 0.540271 0.540921 0.614445 0.52947 0.567792 0.661453 0.55357 0.591321 0.561801 0.571163 0.549543 0.637774 0.517993 0.631395 0.57154 0.588429 0.678936 0.596475 0.629675 0.528942 0.600775 0.56711 0.570524 0.716059 0.602994 0.638475 0.546477 0.577146 0.58155 0.589968 0.720662 0.609174 0.551444 0.615616 0.578801 0.586984 0.505072 0.603843 0.506457 0.533872 0.52624 0.612603 0.501562 0.505559 0.618088 0.637894 0.542592 0.589311 0.556144 0.556218 0.512413 0.661095 
-7.0206 1 1 16 -1 18 -1 5 12 19 -1 
0 0 4 0 1 2 -1 0 1 2 -1 
-0.0107371 1 2 0 1 2 3 0 -1 1 -1 
0 0 0 1 2 3 -1 0 -1 1 -1 
-0.0106784 1 0 0 1 2 -1 0 -1 1 -1 
0 0 4 3 4 5 -1 4 5 6 -1 
-0.0111554 1 4 2 4 6 -1 4 5 6 -1 
0 0 4 1 4 7 -1 4 5 6 -1 
-0.0114613 1 4 5 6 7 -1 4 5 6 -1 
0 0 4 0 1 2 -1 8 9 10 -1 
0 0 0 0 1 2 -1 4 -1 5 -1 
-0.0101551 1 0 0 1 2 -1 3 -1 5 -1 
0 0 0 0 1 2 -1 2 -1 6 -1 
-0.0112709 1 0 3 4 5 -1 5 -1 6 -1 
0 0 0 3 4 5 -1 4 -1 5 -1 
0 1 4 3 4 5 -1 3 4 5 -1 
0 0 4 3 4 5 -1 2 4 6 -1 
-0.0114276 1 4 3 4 5 -1 1 4 7 -1 
0 0 4 2 4 6 -1 3 4 5 -1 
-0.00964412 1 4 1 4 7 -1 3 4 5 -1 
0 0 3 1 -1 2 -1 3 4 5 6 
-0.0114635 1 1 1 -1 2 -1 4 5 6 -1 
0 0 4 20 21 22 -1 20 21 22 -1 
0 0 1 0 -1 1 -1 8 9 10 -1 
-0.0157066 1 1 1 -1 3 -1 8 9 10 -1 
0 0 1 2 -1 3 -1 7 8 9 -1 
-0.0115573 1 4 1 2 3 -1 7 8 9 -1 
0 0 4 22 23 24 -1 16 17 18 -1 
-0.00961935 1 0 22 23 24 -1 20 -1 21 -1 
0 0 4 5 6 7 -1 3 4 5 -1 
-0.0114613 1 4 5 6 7 -1 2 4 6 -1 
0 0 4 1 2 3 -1 1 2 3 -1 
-118.584 1 4 7 13 19 -1 4 13 22 -1 
-27.1805 0 1 1 -1 24 -1 7 12 17 -1 
0 0 4 3 4 5 -1 5 6 7 -1 
33.7036 0 4 7 13 19 -1 5 14 23 -1 
0 0 0 22 23 24 -1 16 -1 23 -1 
-0.0103577 1 4 4 5 6 -1 4 5 6 -1 
0 0 4 10 11 12 -1 0 1 2 -1 
-0.0119703 1 0 22 23 24 -1 15 -1 21 -1 
0 0 0 22 23 24 -1 14 -1 20 -1 
-0.0116358 1 0 22 23 24 -1 13 -1 20 -1 
0.0117657 0 0 22 23 24 -1 12 -1 21 -1 
0 0 4 22 23 24 -1 12 13 14 -1 
0.0116461 0 4 0 2 4 -1 5 8 11 -1 
0 0 4 8 9 10 -1 0 1 2 -1 
-0.0117778 1 4 6 9 12 -1 0 1 2 -1 
0 0 1 21 -1 22 -1 5 6 7 -1 
-0.0104992 1 4 22 23 24 -1 9 10 11 -1 
0 0 4 21 22 23 -1 17 18 19 -1 
-0.0116617 1 1 23 -1 24 -1 5 6 7 -1 
0.0119524 0 1 13 -1 22 -1 17 18 19 -1 
0 0 0 2 3 4 -1 0 -1 1 -1 
-0.0119199 1 1 1 -1 3 -1 0 1 2 -1 
0 0 1 0 -1 1 -1 0 1 2 -1 
-0.011771 1 4 21 22 23 -1 1 2 3 -1 
0 0 2 21 22 23 24 0 -1 1 -1 
0 0 1 6 -1 7 -1 4 5 6 -1 
-0.0105652 1 1 3 -1 4 -1 4 5 6 -1 
0 0 3 3 -1 4 -1 3 4 5 6 
-0.0117719 1 3 2 -1 5 -1 3 4 5 6 
0 0 1 2 -1 5 -1 4 5 6 -1 
-0.0101923 1 4 21 22 23 -1 11 12 13 -1 
0 0 4 17 18 19 -1 21 22 23 -1 
-0.0113761 1 1 0 -1 3 -1 1 2 3 -1 
0 0 3 0 -1 1 -1 0 1 2 3 
-0.0116642 1 1 22 -1 23 -1 17 18 19 -1 
0 0 1 0 -1 6 -1 0 1 2 -1 
-0.0117719 1 1 4 -1 5 -1 0 1 2 -1 
0 0 1 3 -1 5 -1 0 1 2 -1 
-0.0117719 1 1 2 -1 6 -1 0 1 2 -1 
0 0 1 5 -1 6 -1 0 1 2 -1 
0 0 4 21 22 23 -1 21 22 23 -1 
-85.2637 1 4 6 11 16 -1 3 12 21 -1 
0 0 0 4 5 6 -1 0 -1 1 -1 
-0.0116817 1 0 3 4 5 -1 0 -1 1 -1 
0 0 2 2 3 4 5 0 -1 1 -1 
-0.0110887 1 2 1 3 5 7 0 -1 1 -1 
0 0 1 22 -1 23 -1 11 12 13 -1 
-0.0180702 1 1 20 -1 23 -1 11 12 13 -1 
0 0 0 16 17 18 -1 0 -1 1 -1 
0.0124499 0 4 5 7 9 -1 0 1 2 -1 
0 0 1 17 -1 18 -1 21 22 23 -1 
-0.0114678 1 1 22 -1 23 -1 21 22 23 -1 
0 0 1 22 -1 23 -1 1 2 3 -1 
-0.011039 1 1 17 -1 18 -1 1 2 3 -1 
0 0 0 21 22 23 -1 0 -1 1 -1 
-0.0120272 1 0 22 23 24 -1 0 -1 1 -1 
0 0 3 21 -1 24 -1 1 2 3 4 
0 0 1 8 -1 9 -1 3 4 5 -1 
-0.0119235 1 1 7 -1 10 -1 3 4 5 -1 
0 0 4 4 5 6 -1 3 4 5 -1 
-0.0117719 1 0 4 5 6 -1 4 -1 5 -1 
0 0 0 4 5 6 -1 5 -1 6 -1 
-0.0116358 1 4 2 5 8 -1 0 1 2 -1 
0 0 4 3 5 7 -1 0 1 2 -1 
-0.0117719 1 4 16 17 18 -1 16 17 18 -1 
0 0 1 19 -1 22 -1 21 22 23 -1 
-0.0125567 1 1 18 -1 22 -1 21 22 23 -1 
0 0 1 4 -1 5 -1 20 21 22 -1 
-0.0121867 1 1 3 -1 5 -1 20 21 22 -1 
0 0 1 20 -1 23 -1 21 22 23 -1 
-0.0155712 1 3 3 -1 9 -1 3 4 5 6 
0 0 4 3 4 5 -1 13 14 15 -1 
-0.0173624 1 4 15 16 17 -1 4 5 6 -1 
0 0 4 4 5 6 -1 15 16 17 -1 
-0.0115116 1 4 6 7 8 -1 16 17 18 -1 
0 0 1 3 -1 4 -1 5 6 7 -1 
-0.0119119 1 1 2 -1 5 -1 5 6 7 -1 
0 0 2 1 2 3 4 0 -1 1 -1 
-0.0114955 1 4 19 20 21 -1 19 20 21 -1 
0 0 4 18 19 20 -1 20 21 22 -1 
0 0 3 23 -1 24 -1 8 9 10 11 
-0.0169566 1 4 1 2 3 -1 11 12 13 -1 
0 0 1 23 -1 24 -1 13 14 15 -1 
-0.0119235 1 1 23 -1 24 -1 11 14 17 -1 
0.014834 0 1 0 -1 5 -1 4 5 6 -1 
0 0 1 21 -1 22 -1 15 16 17 -1 
0 0 3 21 -1 23 -1 15 16 17 18 
-0.0115861 1 4 19 20 21 -1 16 17 18 -1 
-0.0114613 1 3 19 -1 24 -1 8 9 10 11 
0 0 2 20 21 22 23 9 -1 10 -1 
-0.0177294 1 3 4 -1 5 -1 12 13 14 15 
0 0 0 0 1 2 -1 20 -1 21 -1 
-0.0159786 1 1 21 -1 23 -1 20 21 22 -1 
0 0 1 20 -1 21 -1 20 21 22 -1 
0 0 3 20 -1 21 -1 20 21 22 23 
-0.0137745 1 3 21 -1 23 -1 20 21 22 23 
-0.0116358 1 3 18 -1 20 -1 15 16 17 18 
0 0 4 0 1 2 -1 20 21 22 -1 
0 1 0 20 21 22 -1 20 -1 21 -1 
0 0 0 18 19 20 -1 20 -1 21 -1 
0 0 2 18 19 20 21 20 -1 21 -1 
-0.0120236 1 4 4 5 6 -1 5 6 7 -1 
0 0 4 20 21 22 -1 0 1 2 -1 
-0.0118285 1 1 19 -1 20 -1 20 21 22 -1 
0 0 1 18 -1 20 -1 20 21 22 -1 
-0.0105778 1 0 0 1 2 -1 5 -1 6 -1 
0 0 1 20 -1 21 -1 0 1 2 -1 
-0.013021 1 1 21 -1 23 -1 0 1 2 -1 
0 0 3 17 -1 21 -1 0 1 2 3 
-0.0115773 1 3 18 -1 20 -1 0 1 2 3 
0 0 3 19 -1 20 -1 0 1 2 3 
0 0 1 19 -1 20 -1 0 1 2 -1 
-0.0138846 1 1 18 -1 20 -1 0 1 2 -1 
0 0 1 17 -1 21 -1 0 1 2 -1 
1.14029 0 4 0 6 12 -1 20 21 22 -1 
0 0 0 2 3 4 -1 5 -1 6 -1 
-0.0115573 1 0 2 3 4 -1 4 -1 5 -1 
0 0 4 5 6 7 -1 5 6 7 -1 
0 0 4 20 21 22 -1 8 9 10 -1 
-0.0117453 1 2 20 21 22 23 5 -1 6 -1 
0 0 2 20 21 22 23 4 -1 5 -1 
-0.0122574 1 4 18 19 20 -1 0 1 2 -1 
-3.6376 1 3 13 -1 22 -1 8 13 18 23 
1.42541 0 0 8 12 16 -1 9 -1 10 -1 
0 0 0 1 2 3 -1 4 -1 5 -1 
0 0 2 1 2 3 4 4 -1 5 -1 
-0.0114955 1 1 3 -1 4 -1 3 4 5 -1 
-0.0125163 1 2 20 21 22 23 3 -1 5 -1 
0 0 4 6 7 8 -1 19 20 21 -1 
-0.0113761 1 2 0 1 2 3 5 -1 6 -1 
0 0 0 1 2 3 -1 5 -1 6 -1 
-0.00890381 1 0 0 2 4 -1 5 -1 6 -1 
0 0 0 6 7 8 -1 0 -1 1 -1 
-0.0116358 1 2 5 6 7 8 0 -1 1 -1 
0 0 1 0 -1 1 -1 20 21 22 -1 
-0.0173737 1 1 6 -1 7 -1 15 16 17 -1 
0 0 4 5 6 7 -1 15 16 17 -1 
-0.0186819 1 3 3 -1 5 -1 15 16 17 18 
-0.0121826 1 0 3 5 7 -1 4 -1 5 -1 
0 0 0 21 22 23 -1 20 -1 21 -1 
0 0 2 21 22 23 24 20 -1 21 -1 
-0.0120272 1 4 21 22 23 -1 7 8 9 -1 
0 0 0 16 17 18 -1 20 -1 21 -1 
-0.0115573 1 4 16 17 18 -1 19 20 21 -1 
0 0 4 2 3 4 -1 19 20 21 -1 
-0.0116358 1 0 22 23 24 -1 18 -1 20 -1 
0 0 2 1 2 3 4 18 -1 20 -1 
-0.0115691 1 2 1 2 3 4 20 -1 21 -1 

200
67.5735
0.97634 0.804314 0.758328 0.733358 0.704029 1.00922 0.697662 0.792551 0.76676 0.824317 0.757528 0.752736 1.05127 0.707135 0.819433 0.693399 0.84905 0.656509 0.904776 0.645791 0.773892 0.648834 0.727007 0.630445 0.660791 0.633677 0.738711 0.678699 0.685824 0.671066 0.637587 0.648995 0.6522 0.614075 0.667541 0.709845 0.613388 0.707016 0.703804 0.733208 0.616191 0.666527 0.603186 0.696491 0.712849 0.740246 0.628106 0.633606 0.749501 0.624424 0.710059 0.619885 0.800077 0.611541 0.66095 0.651763 0.68037 0.860294 0.687549 0.629092 0.674786 0.820236 0.775827 0.807809 0.722293 0.75222 0.642219 0.740298 0.626583 0.68237 0.601972 0.689602 0.868475 0.731487 0.766488 1.06458 0.685307 0.610646 0.652551 0.619739 0.696686 0.621667 0.638217 0.655165 0.611441 0.721513 0.648906 0.657284 0.670902 0.679625 0.679923 0.631467 0.81378 0.619741 0.603027 0.744783 0.597738 0.821 0.618481 0.640092 0.671351 0.656972 0.879318 0.63332 0.709283 0.612535 0.698173 0.627802 0.664623 0.648847 0.819616 0.642081 0.767634 0.656122 0.770302 0.680643 0.708351 0.649961 0.662574 0.733891 0.713685 0.602199 0.679024 0.603198 0.699625 0.612204 0.633384 0.600066 0.681147 0.61316 0.633079 0.655689 0.707044 0.565455 0.633756 0.568903 0.609886 0.576881 0.591867 0.65587 0.592786 0.629228 0.565452 0.605008 0.558188 0.626498 0.826297 0.574732 0.604872 0.58181 0.640737 0.568992 0.629554 0.60604 0.668727 0.647689 0.643195 0.581481 0.761649 0.582384 0.551916 0.613165 0.59001 0.577177 0.687983 0.603624 0.627918 0.610935 0.652914 0.731963 0.701692 0.615827 0.644029 0.609104 0.662075 0.620962 0.722416 0.599516 0.573533 0.590057 0.786301 0.566615 0.646123 0.575443 0.589448 0.58736 0.64188 0.588826 0.622202 0.586358 0.610529 0.586527 0.626852 0.561592 0.643982 0.7843 0.610265 0.710959 0.607254 0.679957 
-25.4707 1 0 6 13 20 -1 14 -1 20 -1 
0 0 4 1 2 3 -1 1 2 3 -1 
0 1 4 21 22 23 -1 17 18 19 -1 
0 0 4 0 1 2 -1 8 9 10 -1 
0 0 4 3 4 5 -1 4 5 6 -1 
0 1 4 0 1 2 -1 0 1 2 -1 
0 0 4 21 22 23 -1 21 22 23 -1 
-0.0111554 1 4 2 4 6 -1 4 5 6 -1 
0 0 4 4 5 6 -1 4 5 6 -1 
0 1 4 20 21 22 -1 20 21 22 -1 
0 0 2 20 21 22 23 20 -1 21 -1 
0 0 0 2 3 4 -1 5 -1 6 -1 
-0.0114759 1 0 2 3 4 -1 4 -1 5 -1 
0 0 4 19 20 21 -1 19 20 21 -1 
0.0114907 0 0 20 21 22 -1 20 -1 21 -1 
0 0 2 1 2 3 4 4 -1 5 -1 
0.0114907 0 0 1 2 3 -1 4 -1 5 -1 
0 0 3 0 -1 1 -1 0 1 2 3 
-0.0117719 1 3 1 -1 3 -1 0 1 2 3 
0 0 4 22 23 24 -1 16 17 18 -1 
-0.0120147 1 0 19 21 23 -1 20 -1 21 -1 
0 0 4 8 9 10 -1 0 1 2 -1 
-176.6 1 4 1 12 23 -1 3 12 21 -1 
0 0 4 21 22 23 -1 1 2 3 -1 
-0.0101704 1 1 10 -1 11 -1 0 1 2 -1 
0 0 1 19 -1 22 -1 1 2 3 -1 
-0.012437 1 1 17 -1 23 -1 1 2 3 -1 
0 0 1 18 -1 22 -1 1 2 3 -1 
-0.00976709 1 3 19 -1 20 -1 0 1 2 3 
0 0 3 18 -1 20 -1 0 1 2 3 
-0.0204726 1 1 16 -1 20 -1 1 2 3 -1 
0 0 1 17 -1 18 -1 1 2 3 -1 
-0.0115439 1 4 18 19 20 -1 0 1 2 -1 
0 0 4 19 20 21 -1 16 17 18 -1 
-0.00976709 1 3 20 -1 21 -1 15 16 17 18 
0 0 3 19 -1 20 -1 15 16 17 18 
0 0 0 15 16 17 -1 20 -1 21 -1 
-0.0108855 1 1 22 -1 23 -1 1 2 3 -1 
0 0 1 20 -1 23 -1 1 2 3 -1 
-0.0116817 1 3 20 -1 21 -1 0 1 2 3 
0 0 4 20 21 22 -1 0 1 2 -1 
-0.0107638 1 4 17 18 19 -1 17 18 19 -1 
0 0 4 3 4 5 -1 5 6 7 -1 
0 1 4 2 4 6 -1 5 6 7 -1 
0 0 4 4 5 6 -1 5 6 7 -1 
-0.0104992 1 4 5 6 7 -1 5 6 7 -1 
0 0 1 6 -1 7 -1 5 6 7 -1 
0 0 4 16 17 18 -1 19 20 21 -1 
0 1 4 17 18 19 -1 21 22 23 -1 
0 0 3 20 -1 21 -1 20 21 22 23 
-0.0129981 1 3 21 -1 23 -1 20 21 22 23 
0 0 1 20 -1 23 -1 21 22 23 -1 
-0.0110345 1 1 22 -1 23 -1 21 22 23 -1 
0 0 4 18 19 20 -1 20 21 22 -1 
-0.0100733 1 1 6 -1 7 -1 4 5 6 -1 
0 0 4 5 6 7 -1 4 5 6 -1 
0 0 1 3 -1 4 -1 4 5 6 -1 
-0.0103577 1 3 3 -1 4 -1 3 4 5 6 
-0.0114955 1 1 3 -1 4 -1 3 4 5 -1 
0 0 1 5 -1 6 -1 0 1 2 -1 
0 0 4 5 7 9 -1 0 1 2 -1 
-0.0114276 1 1 20 -1 21 -1 0 1 2 -1 
0 0 1 19 -1 20 -1 0 1 2 -1 
-0.0121826 1 1 8 -1 10 -1 0 1 2 -1 
0 0 1 7 -1 11 -1 0 1 2 -1 
-0.0116817 1 0 3 4 5 -1 0 -1 1 -1 
0 0 4 22 23 24 -1 12 13 14 -1 
-0.01131 1 4 20 21 22 -1 8 9 10 -1 
0 0 4 2 3 4 -1 9 10 11 -1 
-0.0118435 1 4 7 8 9 -1 1 2 3 -1 
0 0 0 22 23 24 -1 9 -1 10 -1 
0 0 4 22 23 24 -1 9 10 11 -1 
-0.0115289 1 0 22 23 24 -1 20 -1 21 -1 
0 0 0 22 23 24 -1 18 -1 20 -1 
0 0 1 21 -1 23 -1 8 9 10 -1 
-0.00908128 1 1 20 -1 21 -1 8 9 10 -1 
-0.00943036 1 0 22 23 24 -1 7 -1 11 -1 
0 0 4 13 14 15 -1 4 5 6 -1 
-0.0084436 1 4 12 14 16 -1 4 5 6 -1 
0 0 1 6 -1 7 -1 3 4 5 -1 
-0.0120358 1 4 1 2 3 -1 7 8 9 -1 
0 0 4 19 20 21 -1 12 13 14 -1 
-0.0107217 1 1 23 -1 24 -1 13 14 15 -1 
0 0 1 21 -1 22 -1 13 14 15 -1 
0 0 3 6 -1 7 -1 3 4 5 6 
-0.011152 1 4 10 11 12 -1 0 1 2 -1 
0 0 2 2 3 4 5 0 -1 1 -1 
-0.0107839 1 1 3 -1 5 -1 0 1 2 -1 
0 0 1 0 -1 3 -1 1 2 3 -1 
-0.0107579 1 1 2 -1 3 -1 1 2 3 -1 
0 0 1 4 -1 5 -1 0 1 2 -1 
0 0 1 22 -1 23 -1 17 18 19 -1 
-0.0121572 1 1 22 -1 24 -1 16 17 18 -1 
-0.56869 1 3 14 -1 20 -1 12 13 14 15 
0 0 4 4 5 6 -1 3 4 5 -1 
0 1 4 4 5 6 -1 2 4 6 -1 
0 0 1 18 -1 20 -1 20 21 22 -1 
-0.0117778 1 1 19 -1 20 -1 20 21 22 -1 
0 0 1 0 -1 1 -1 20 21 22 -1 
0 1 2 4 5 6 7 5 -1 6 -1 
0 0 2 4 5 6 7 6 -1 8 -1 
0 0 4 0 1 2 -1 20 21 22 -1 
-0.0117107 1 1 1 -1 3 -1 20 21 22 -1 
0 0 2 3 4 5 6 3 -1 5 -1 
0.0114882 0 0 2 3 4 -1 0 -1 1 -1 
0 0 4 14 15 16 -1 3 4 5 -1 
-0.0141005 1 1 18 -1 20 -1 0 1 2 -1 
0 0 4 14 15 16 -1 5 6 7 -1 
-0.0115922 1 1 8 -1 9 -1 3 4 5 -1 
0 0 4 5 6 7 -1 3 4 5 -1 
-0.0114613 1 4 5 6 7 -1 2 4 6 -1 
0 0 1 21 -1 22 -1 15 16 17 -1 
-0.0109547 1 1 23 -1 24 -1 15 16 17 -1 
0 0 1 17 -1 18 -1 21 22 23 -1 
-0.0129268 1 1 16 -1 20 -1 21 22 23 -1 
0 0 1 19 -1 22 -1 21 22 23 -1 
-0.0117251 1 4 15 16 17 -1 5 6 7 -1 
0 0 4 5 6 7 -1 1 4 7 -1 
0.0116192 0 0 19 20 21 -1 20 -1 21 -1 
0 0 2 19 20 21 22 20 -1 21 -1 
-0.0114759 1 2 19 20 21 22 18 -1 20 -1 
0 0 4 12 13 14 -1 19 20 21 -1 
-0.0101704 1 4 11 13 15 -1 19 20 21 -1 
0 0 2 21 22 23 24 9 -1 10 -1 
-0.0103812 1 4 21 22 23 -1 11 12 13 -1 
0 0 2 2 3 4 5 4 -1 5 -1 
0.017214 0 1 17 -1 19 -1 16 17 18 -1 
0 0 4 1 2 3 -1 11 12 13 -1 
0 1 4 3 4 5 -1 3 4 5 -1 
0 0 3 5 -1 6 -1 0 1 2 3 
0.011697 0 4 2 4 6 -1 3 4 5 -1 
0 0 2 4 5 6 7 4 -1 5 -1 
-0.0110884 1 0 5 6 7 -1 6 -1 8 -1 
0 0 0 3 4 5 -1 9 -1 10 -1 
-0.0112913 1 0 16 17 18 -1 20 -1 21 -1 
0 0 4 6 8 10 -1 4 5 6 -1 
-0.0114026 1 4 3 4 5 -1 6 8 10 -1 
0 0 1 18 -1 20 -1 8 9 10 -1 
0 0 4 7 8 9 -1 17 18 19 -1 
0.012997 0 4 18 19 20 -1 8 9 10 -1 
0 0 2 15 16 17 18 20 -1 21 -1 
-0.0120147 1 4 5 6 7 -1 13 14 15 -1 
0 0 4 14 15 16 -1 15 16 17 -1 
-0.0120124 1 4 3 7 11 -1 7 8 9 -1 
0 0 2 5 6 7 8 0 -1 1 -1 
0 0 0 5 6 7 -1 0 -1 1 -1 
-123.936 1 4 7 13 19 -1 4 13 22 -1 
0 0 4 11 12 13 -1 21 22 23 -1 
0.0120023 0 2 18 19 20 21 9 -1 10 -1 
0 0 1 17 -1 21 -1 0 1 2 -1 
-0.0120147 1 4 4 6 8 -1 0 1 2 -1 
0 0 4 1 2 3 -1 21 22 23 -1 
-0.0117356 1 2 7 8 9 10 5 -1 6 -1 
0 0 2 7 8 9 10 0 -1 1 -1 
-0.0120714 1 3 6 -1 8 -1 0 1 2 3 
0 0 3 10 -1 11 -1 0 1 2 3 
-0.0118435 1 4 9 10 11 -1 19 20 21 -1 
0 0 0 7 8 9 -1 0 -1 1 -1 
-0.0115975 1 0 6 8 10 -1 0 -1 1 -1 
0.0119524 0 1 16 -1 17 -1 13 14 15 -1 
0 0 0 13 14 15 -1 0 -1 1 -1 
-0.0125784 1 0 21 22 23 -1 3 -1 5 -1 
0 0 0 20 21 22 -1 18 -1 20 -1 
0 0 1 12 -1 14 -1 19 20 21 -1 
-0.0117778 1 1 20 -1 21 -1 20 21 22 -1 
0 0 4 7 8 9 -1 7 8 9 -1 
-0.00989064 1 4 9 10 11 -1 9 10 11 -1 
0 0 1 7 -1 8 -1 7 8 9 -1 
-0.0156983 1 1 0 -1 3 -1 7 8 9 -1 
0 0 1 2 -1 3 -1 7 8 9 -1 
-0.0157841 1 1 5 -1 8 -1 7 8 9 -1 
0 0 4 2 4 6 -1 6 8 10 -1 
-0.0110251 1 2 3 4 5 6 0 -1 1 -1 
0 0 0 22 23 24 -1 0 -1 1 -1 
-0.0115439 1 2 21 22 23 24 4 -1 5 -1 
0 0 0 4 5 6 -1 0 -1 1 -1 
0 1 0 3 4 5 -1 4 -1 5 -1 
-0.0120272 1 0 20 21 22 -1 16 -1 23 -1 
0 0 0 8 9 10 -1 0 -1 1 -1 
0 0 2 8 9 10 11 0 -1 1 -1 
-0.0119619 1 0 9 10 11 -1 0 -1 1 -1 
0 0 0 9 10 11 -1 3 -1 5 -1 
-0.0119703 1 0 9 10 11 -1 4 -1 5 -1 
0 0 0 2 3 4 -1 6 -1 8 -1 
-0.0211918 1 1 11 -1 17 -1 5 6 7 -1 
0 0 4 8 9 10 -1 20 21 22 -1 
-0.0117251 1 4 15 16 17 -1 4 5 6 -1 
0 0 4 14 15 16 -1 4 5 6 -1 
3.38848 0 0 8 12 16 -1 9 -1 10 -1 
0 0 1 22 -1 24 -1 9 10 11 -1 
-0.00953958 1 1 0 -1 1 -1 8 9 10 -1 
0 0 1 7 -1 8 -1 1 2 3 -1 
-0.0129268 1 1 5 -1 8 -1 1 2 3 -1 
0 0 4 2 3 4 -1 12 13 14 -1 
0 0 4 2 3 4 -1 16 17 18 -1 
-0.0107667 1 4 3 4 5 -1 13 14 15 -1 
0 0 1 21 -1 23 -1 20 21 22 -1 
-0.014432 1 1 22 -1 24 -1 19 20 21 -1 
0 0 1 1 -1 3 -1 8 9 10 -1 
-0.0117515 1 1 2 -1 3 -1 11 12 13 -1 

200
62.4734
0.921676 0.775237 0.870749 1.32656 0.848724 0.837421 0.747202 0.813903 0.789077 0.841842 0.74796 0.884529 0.739318 0.70847 0.68915 0.737713 0.664862 0.742154 0.753753 0.73396 0.680186 0.720059 1.0542 0.685544 0.81986 0.660491 0.892515 0.748533 0.75498 0.673009 0.72857 0.738477 0.778221 0.94693 0.704309 0.77963 0.785839 0.76377 0.626794 0.751352 0.770913 0.732396 0.654152 0.707932 0.694748 0.657069 0.65728 0.697601 0.921812 0.708591 0.801547 0.740163 0.602938 0.707693 0.625403 0.637929 0.573008 0.669416 0.664742 0.739367 0.598955 0.652596 0.587063 0.685332 0.626385 0.613984 0.898323 0.568446 0.681816 0.560649 0.617964 0.553976 0.756981 0.56588 0.684167 0.54467 0.630724 0.535114 0.604786 0.570019 0.633973 0.587194 0.615239 0.549456 0.613298 0.554437 0.575261 0.566101 0.57911 0.663513 0.581 0.651808 0.629871 0.662365 0.577846 0.611007 0.574199 0.645205 0.553828 0.530355 0.620103 0.548293 0.57978 0.541195 0.548518 0.627348 0.538666 0.60546 0.538995 0.605212 0.525123 0.563076 0.533154 0.571064 0.512185 0.560601 0.6898 0.566363 0.612004 0.535065 0.505241 0.531728 0.673757 0.55331 0.577483 0.580128 0.649556 0.545225 0.583161 0.537434 0.636369 0.531218 0.651212 0.738253 0.570037 0.660536 0.568933 0.65454 0.667761 0.656175 0.558029 0.539337 0.586288 0.565737 0.631854 0.526321 0.598668 0.577934 0.578826 0.565121 0.554993 0.685111 0.610618 0.658643 0.561801 0.602119 0.580126 0.57042 0.665186 0.550611 0.62418 0.550501 0.58905 0.541837 0.54811 0.597288 0.505685 0.559202 0.549512 0.537865 0.530908 0.555216 0.55832 0.560886 0.602966 0.530441 0.562731 0.53858 0.583659 0.500291 0.494079 0.522757 0.489524 0.503124 0.510369 0.672624 0.469124 0.507082 0.550709 0.536238 0.482909 0.534141 0.516087 0.543383 0.494564 0.537288 0.511608 0.541263 0.607317 0.536037 
-26.1152 1 0 6 14 22 -1 14 -1 20 -1 
0 0 0 4 5 6 -1 0 -1 1 -1 
0 0 2 4 5 6 7 0 -1 1 -1 
0 1 0 5 6 7 -1 0 -1 1 -1 
0 0 0 4 6 8 -1 0 -1 1 -1 
-0.0106355 1 2 3 4 5 6 0 -1 1 -1 
0 0 4 21 22 23 -1 21 22 23 -1 
-0.0111034 1 4 20 21 22 -1 20 21 22 -1 
0 0 0 21 22 23 -1 20 -1 21 -1 
0 1 0 21 22 23 -1 16 -1 23 -1 
0 0 0 21 22 23 -1 18 -1 20 -1 
0 1 4 21 22 23 -1 17 18 19 -1 
0 0 4 1 2 3 -1 1 2 3 -1 
-0.0107579 1 1 2 -1 3 -1 1 2 3 -1 
0 0 0 0 1 2 -1 5 -1 6 -1 
0.0117597 0 1 0 -1 3 -1 1 2 3 -1 
0 0 4 0 1 2 -1 8 9 10 -1 
0 1 1 1 -1 3 -1 8 9 10 -1 
0 0 1 0 -1 1 -1 8 9 10 -1 
-0.0104992 1 0 1 2 3 -1 4 -1 5 -1 
0 0 0 1 2 3 -1 5 -1 6 -1 
0 0 2 1 2 3 4 5 -1 6 -1 
-0.0110276 1 0 2 3 4 -1 5 -1 6 -1 
0 0 0 2 3 4 -1 6 -1 8 -1 
-0.0107579 1 2 1 2 3 4 6 -1 8 -1 
0 0 1 22 -1 23 -1 17 18 19 -1 
-0.0111859 1 1 20 -1 23 -1 17 18 19 -1 
0 0 1 19 -1 22 -1 17 18 19 -1 
-0.00911362 1 0 1 2 3 -1 6 -1 8 -1 
0 0 0 2 3 4 -1 4 -1 5 -1 
-0.0122871 1 1 18 -1 22 -1 17 18 19 -1 
0 0 1 17 -1 18 -1 17 18 19 -1 
0 0 4 17 18 19 -1 17 18 19 -1 
0 1 4 0 1 2 -1 0 1 2 -1 
0 0 2 0 1 2 3 0 -1 1 -1 
-0.0117778 1 1 20 -1 21 -1 20 21 22 -1 
0 0 1 21 -1 23 -1 20 21 22 -1 
0 1 2 1 2 3 4 4 -1 5 -1 
0 0 4 3 4 5 -1 4 5 6 -1 
0 1 0 1 2 3 -1 0 -1 1 -1 
0 0 0 0 1 2 -1 0 -1 1 -1 
-0.0104992 1 4 22 23 24 -1 9 10 11 -1 
0 0 2 6 7 8 9 0 -1 1 -1 
-0.0111554 1 0 7 8 9 -1 0 -1 1 -1 
0 0 0 6 8 10 -1 0 -1 1 -1 
-0.0110884 1 2 4 6 8 10 0 -1 1 -1 
0 0 0 10 11 12 -1 0 -1 1 -1 
0 0 1 23 -1 24 -1 15 16 17 -1 
0 1 1 21 -1 22 -1 15 16 17 -1 
0 0 1 18 -1 19 -1 15 16 17 -1 
0 1 1 17 -1 20 -1 15 16 17 -1 
0.0117238 0 1 19 -1 24 -1 15 16 17 -1 
0 0 2 10 11 12 13 0 -1 1 -1 
-0.00862487 1 0 11 12 13 -1 0 -1 1 -1 
0 0 4 3 4 5 -1 5 6 7 -1 
-0.0111034 1 4 12 13 14 -1 16 17 18 -1 
0 0 0 12 13 14 -1 0 -1 1 -1 
-0.00987977 1 1 6 -1 7 -1 5 6 7 -1 
0 0 4 5 6 7 -1 5 6 7 -1 
-0.0160858 1 4 1 2 3 -1 21 22 23 -1 
0 0 4 4 5 6 -1 5 6 7 -1 
-0.0108464 1 4 11 12 13 -1 1 2 3 -1 
0 0 4 2 4 6 -1 3 4 5 -1 
0 1 4 4 5 6 -1 3 4 5 -1 
0 0 4 5 6 7 -1 3 4 5 -1 
0 0 4 4 5 6 -1 2 4 6 -1 
-0.0111554 1 4 4 5 6 -1 1 4 7 -1 
0 0 1 23 -1 24 -1 3 4 5 -1 
-0.00987642 1 4 21 22 23 -1 1 2 3 -1 
0 0 4 1 2 3 -1 11 12 13 -1 
-0.00818215 1 1 1 -1 2 -1 3 4 5 -1 
0 0 1 3 -1 4 -1 4 5 6 -1 
-0.0111554 1 1 2 -1 5 -1 4 5 6 -1 
0 0 4 2 3 4 -1 19 20 21 -1 
-0.0107207 1 4 2 3 4 -1 16 17 18 -1 
-4.8656 0 1 8 -1 16 -1 15 18 21 -1 
-0.0114759 1 4 11 12 13 -1 21 22 23 -1 
0 0 0 1 2 3 -1 9 -1 10 -1 
-0.0110884 1 4 5 6 7 -1 1 4 7 -1 
0 0 2 1 2 3 4 3 -1 5 -1 
0 1 4 3 4 5 -1 3 4 5 -1 
0 0 2 2 3 4 5 4 -1 5 -1 
-0.0125956 1 0 3 5 7 -1 0 -1 1 -1 
0 0 0 5 6 7 -1 5 -1 6 -1 
-0.0111554 1 2 2 3 4 5 5 -1 6 -1 
0 0 1 20 -1 23 -1 7 8 9 -1 
-0.0115922 1 0 17 18 19 -1 18 -1 20 -1 
0 0 0 15 16 17 -1 20 -1 21 -1 
0 0 2 15 16 17 18 20 -1 21 -1 
0 1 2 4 5 6 7 4 -1 5 -1 
0 0 4 18 19 20 -1 20 21 22 -1 
-0.0112913 1 0 16 17 18 -1 20 -1 21 -1 
0 0 0 18 19 20 -1 20 -1 21 -1 
-0.00886305 1 4 17 18 19 -1 21 22 23 -1 
0 0 4 6 7 8 -1 19 20 21 -1 
-0.00988791 1 2 15 17 19 21 20 -1 21 -1 
0 0 4 8 9 10 -1 8 9 10 -1 
0 1 0 8 9 10 -1 9 -1 10 -1 
0.0118458 0 0 8 9 10 -1 7 -1 11 -1 
0 0 1 4 -1 5 -1 0 1 2 -1 
0 1 1 5 -1 6 -1 0 1 2 -1 
0 0 2 5 6 7 8 0 -1 1 -1 
0 1 4 5 6 7 -1 4 5 6 -1 
0 0 1 3 -1 4 -1 5 6 7 -1 
0 0 1 2 -1 3 -1 21 22 23 -1 
-0.0122207 1 0 6 7 8 -1 20 -1 21 -1 
0 0 4 16 17 18 -1 9 10 11 -1 
0 1 4 1 2 3 -1 7 8 9 -1 
0 0 0 9 10 11 -1 0 -1 1 -1 
0 1 2 8 9 10 11 0 -1 1 -1 
0 0 1 4 -1 5 -1 20 21 22 -1 
-0.0109815 1 1 7 -1 8 -1 21 22 23 -1 
0 0 2 0 1 2 3 3 -1 5 -1 
0.0115298 0 4 10 11 12 -1 20 21 22 -1 
0 0 4 15 17 19 -1 20 21 22 -1 
0 0 3 19 -1 20 -1 20 21 22 23 
-0.0107217 1 3 15 -1 16 -1 20 21 22 23 
-0.0119199 1 0 8 9 10 -1 0 -1 1 -1 
0 0 2 7 8 9 10 0 -1 1 -1 
0.011819 0 4 14 15 16 -1 5 6 7 -1 
0 0 3 14 -1 15 -1 20 21 22 23 
0 0 1 14 -1 15 -1 20 21 22 -1 
-0.0118655 1 1 15 -1 16 -1 20 21 22 -1 
0 0 4 13 15 17 -1 20 21 22 -1 
0 1 1 22 -1 23 -1 21 22 23 -1 
0 0 1 20 -1 23 -1 21 22 23 -1 
0 1 1 19 -1 22 -1 21 22 23 -1 
0 0 4 17 18 19 -1 1 2 3 -1 
-0.012204 1 0 17 18 19 -1 3 -1 5 -1 
0 0 0 2 3 4 -1 0 -1 1 -1 
0 1 2 1 2 3 4 0 -1 1 -1 
0 0 0 15 16 17 -1 0 -1 1 -1 
0 0 2 15 16 17 18 0 -1 1 -1 
-0.0116347 1 0 16 17 18 -1 0 -1 1 -1 
0 0 0 14 15 16 -1 2 -1 6 -1 
0.0118059 0 4 15 16 17 -1 4 5 6 -1 
0 0 0 20 21 22 -1 20 -1 21 -1 
-0.0111828 1 0 20 22 24 -1 20 -1 21 -1 
0 0 2 20 21 22 23 20 -1 21 -1 
0 1 0 2 3 4 -1 3 -1 5 -1 
0.0166317 0 3 21 -1 23 -1 20 21 22 23 
0 0 0 15 17 19 -1 0 -1 1 -1 
-2.42806 1 2 10 12 14 16 1 -1 8 -1 
0 0 0 2 3 4 -1 9 -1 10 -1 
-0.011573 1 1 5 -1 6 -1 8 9 10 -1 
0 0 4 2 3 4 -1 9 10 11 -1 
-0.0117205 1 0 2 3 4 -1 7 -1 11 -1 
0 0 4 8 9 10 -1 20 21 22 -1 
45.5197 0 4 7 13 19 -1 2 12 22 -1 
0 0 4 22 23 24 -1 16 17 18 -1 
0 0 0 17 18 19 -1 20 -1 21 -1 
-0.0114026 1 0 16 18 20 -1 20 -1 21 -1 
0 0 0 17 19 21 -1 20 -1 21 -1 
-168.787 1 4 4 13 22 -1 3 12 21 -1 
0 0 0 3 4 5 -1 0 -1 1 -1 
0 1 2 2 3 4 5 0 -1 1 -1 
0 0 2 1 3 5 7 0 -1 1 -1 
0 0 4 3 5 7 -1 0 1 2 -1 
-0.0106355 1 3 4 -1 5 -1 0 1 2 3 
0 0 4 5 7 9 -1 20 21 22 -1 
-0.0359205 1 4 6 9 12 -1 20 21 22 -1 
0 0 1 12 -1 13 -1 17 18 19 -1 
-0.0116347 1 4 12 13 14 -1 12 13 14 -1 
-0.0127867 1 1 0 -1 4 -1 16 17 18 -1 
0 0 4 1 2 3 -1 17 18 19 -1 
-0.0114955 1 4 4 5 6 -1 15 16 17 -1 
0 0 3 5 -1 6 -1 0 1 2 3 
0.0138446 0 1 14 -1 20 -1 20 21 22 -1 
-0.00988791 1 1 18 -1 20 -1 20 21 22 -1 
0 0 1 19 -1 20 -1 20 21 22 -1 
0 1 4 9 12 15 -1 0 1 2 -1 
0 0 4 10 11 12 -1 0 1 2 -1 
-0.00888352 1 4 20 21 22 -1 0 1 2 -1 
-4.45005 0 4 12 16 20 -1 3 6 9 -1 
-0.0112142 1 0 19 20 21 -1 20 -1 21 -1 
0 0 4 19 20 21 -1 9 10 11 -1 
0 1 1 22 -1 23 -1 7 8 9 -1 
0 0 0 19 20 21 -1 18 -1 20 -1 
0.0114907 0 4 19 20 21 -1 19 20 21 -1 
-0.00863872 1 2 0 1 2 3 1 -1 8 -1 
0 0 4 21 22 23 -1 7 8 9 -1 
-0.0123326 1 1 19 -1 20 -1 0 1 2 -1 
0 0 1 21 -1 23 -1 0 1 2 -1 
0.0116373 0 4 11 13 15 -1 12 13 14 -1 
0 0 1 0 -1 3 -1 17 18 19 -1 
-0.0118759 1 1 2 -1 3 -1 17 18 19 -1 
0 0 2 20 21 22 23 5 -1 6 -1 
-0.0117128 1 4 16 19 22 -1 8 9 10 -1 
0 0 4 18 19 20 -1 8 9 10 -1 
-0.0115922 1 0 21 22 23 -1 5 -1 6 -1 
0 0 0 14 15 16 -1 0 -1 1 -1 
-0.011573 1 0 13 14 15 -1 4 -1 5 -1 
0 0 4 13 15 17 -1 0 1 2 -1 
-0.0090814 1 2 21 22 23 24 0 -1 1 -1 
0 0 2 12 13 14 15 0 -1 1 -1 
0 1 0 13 14 15 -1 0 -1 1 -1 
0 0 0 22 23 24 -1 5 -1 6 -1 
0 0 0 3 4 5 -1 9 -1 10 -1 
-0.0114026 1 0 0 1 2 -1 6 -1 8 -1 
-0.0181041 1 2 13 14 15 16 6 -1 8 -1 

200
66.7407
0.881257 0.794994 0.730303 0.964745 0.708305 0.820434 0.702034 0.766554 0.701241 0.687193 0.697376 0.681652 0.73761 0.74825 0.733769 0.694718 0.65894 0.749546 0.771628 0.762893 0.723032 0.766811 0.675371 0.673574 0.648577 0.672626 0.648097 0.659607 0.799305 0.639404 0.8246 0.657975 0.673548 0.644973 0.681923 0.665833 0.727644 0.634031 0.693184 0.635072 0.671717 0.796614 0.644211 0.920693 0.637252 0.774944 0.643819 0.723512 0.626827 0.682376 0.627763 0.676963 0.820543 0.643901 0.644226 0.689854 0.66096 0.693645 0.618661 0.723727 0.609555 0.686556 0.605244 0.653064 0.611451 0.684981 0.628642 0.675742 0.613339 0.633952 0.61496 0.618577 0.802324 0.699294 0.82296 0.670464 0.650513 0.588181 0.667235 0.567053 0.769103 0.611393 0.609175 0.657356 0.700285 0.66414 0.611998 0.651949 0.590883 0.688734 0.664785 0.622529 0.71259 0.65174 0.658795 0.605518 0.675756 0.624722 0.63668 0.609846 0.632744 0.61012 0.738381 0.60304 0.649304 0.746026 0.680633 0.74811 0.666481 0.702409 0.609642 0.708147 0.600926 0.806129 0.604545 0.586497 0.714631 0.682949 0.66499 0.585387 0.645797 0.624768 0.760867 0.681727 0.651154 0.606046 0.651388 0.781683 0.578716 0.660117 0.581774 0.619291 0.667368 0.611162 0.60459 0.694179 0.601455 0.731536 0.667527 0.673577 0.672405 0.733917 0.665955 0.705604 0.5686 0.68004 0.575408 0.608135 0.56528 0.643178 0.755869 0.63817 0.609126 0.667731 0.571381 0.642251 0.600037 0.650443 0.578942 0.736154 0.629298 0.594239 0.557643 0.639902 0.601975 0.586454 0.58627 0.631966 0.584332 0.611989 0.571769 0.606327 0.600914 0.74152 0.576377 0.657654 0.59257 0.620979 0.582735 0.580336 0.65941 0.604499 0.672166 0.586876 0.659483 0.597165 0.605809 0.606471 0.721747 0.707776 0.617621 0.662499 0.644607 0.668103 0.732428 0.715343 0.684296 0.728691 0.582152 0.656797 
-109.19 1 4 4 13 22 -1 2 12 22 -1 
0 0 4 0 1 2 -1 0 1 2 -1 
0 0 4 8 9 10 -1 0 1 2 -1 
0 1 4 1 2 3 -1 1 2 3 -1 
0 0 0 1 2 3 -1 5 -1 6 -1 
-0.00898812 1 2 0 1 2 3 0 -1 1 -1 
0 0 4 1 2 3 -1 7 8 9 -1 
-0.0114362 1 4 0 1 2 -1 8 9 10 -1 
0 0 4 3 4 5 -1 4 5 6 -1 
-0.0112721 1 1 9 -1 10 -1 0 1 2 -1 
0 0 1 8 -1 10 -1 0 1 2 -1 
-0.00429834 1 4 2 4 6 -1 4 5 6 -1 
0 0 4 4 5 6 -1 4 5 6 -1 
-0.00364341 1 0 0 1 2 -1 0 -1 1 -1 
0 0 0 1 2 3 -1 0 -1 1 -1 
0.0114907 0 2 1 2 3 4 5 -1 6 -1 
0 0 4 20 21 22 -1 20 21 22 -1 
0 1 2 20 21 22 23 20 -1 21 -1 
0 0 0 21 22 23 -1 20 -1 21 -1 
-0.00964781 1 4 3 4 5 -1 5 6 7 -1 
0 0 4 2 4 6 -1 5 6 7 -1 
-0.00914129 1 4 4 5 6 -1 5 6 7 -1 
0 0 4 22 23 24 -1 16 17 18 -1 
-0.00944375 1 0 20 22 24 -1 20 -1 21 -1 
0 0 4 2 3 4 -1 9 10 11 -1 
-0.0109023 1 4 21 22 23 -1 21 22 23 -1 
0 0 4 22 23 24 -1 12 13 14 -1 
0 0 4 0 1 2 -1 20 21 22 -1 
-0.00944375 1 4 21 22 23 -1 17 18 19 -1 
0 0 0 0 1 2 -1 9 -1 10 -1 
-0.0108456 1 0 0 1 2 -1 7 -1 11 -1 
0 0 0 0 1 2 -1 20 -1 21 -1 
-0.00928706 1 4 1 2 3 -1 17 18 19 -1 
0 0 4 21 22 23 -1 1 2 3 -1 
-0.0116703 1 4 20 21 22 -1 0 1 2 -1 
0 0 3 20 -1 21 -1 0 1 2 3 
-0.0105372 1 3 21 -1 23 -1 0 1 2 3 
0 0 0 0 1 2 -1 4 -1 5 -1 
-0.0114184 1 0 0 1 2 -1 3 -1 5 -1 
0 0 2 0 1 2 3 20 -1 21 -1 
0 0 1 2 -1 3 -1 17 18 19 -1 
-0.00636327 1 1 0 -1 3 -1 17 18 19 -1 
0 0 1 20 -1 21 -1 20 21 22 -1 
-0.0110747 1 1 21 -1 23 -1 20 21 22 -1 
0 0 0 21 22 23 -1 18 -1 20 -1 
-0.00971808 1 0 21 22 23 -1 15 -1 21 -1 
0 0 4 5 6 7 -1 5 6 7 -1 
-0.0102404 1 4 1 2 3 -1 11 12 13 -1 
0 0 0 22 23 24 -1 20 -1 21 -1 
-0.0102519 1 2 0 1 2 3 9 -1 10 -1 
0 0 3 22 -1 23 -1 11 12 13 14 
0 0 1 22 -1 23 -1 11 12 13 -1 
-0.0103965 1 1 22 -1 24 -1 12 13 14 -1 
-0.0120236 1 2 21 22 23 24 20 -1 21 -1 
0 0 3 1 -1 2 -1 8 9 10 11 
-0.0116625 1 3 3 -1 4 -1 8 9 10 11 
0 0 2 20 21 22 23 0 -1 1 -1 
-0.0105372 1 0 21 22 23 -1 0 -1 1 -1 
0 0 4 10 11 12 -1 0 1 2 -1 
-0.0113139 1 4 6 9 12 -1 0 1 2 -1 
0 0 1 10 -1 11 -1 0 1 2 -1 
-0.0109782 1 1 14 -1 15 -1 0 1 2 -1 
0 0 2 21 22 23 24 4 -1 5 -1 
-0.0117364 1 2 21 22 23 24 2 -1 6 -1 
0 0 3 4 -1 5 -1 0 1 2 3 
-0.0136082 1 3 3 -1 5 -1 0 1 2 3 
0 0 1 19 -1 20 -1 20 21 22 -1 
-0.0100382 1 1 18 -1 20 -1 20 21 22 -1 
0 0 1 0 -1 1 -1 20 21 22 -1 
-0.0118019 1 0 1 2 3 -1 20 -1 21 -1 
0 0 2 21 22 23 24 3 -1 5 -1 
0 0 0 4 5 6 -1 0 -1 1 -1 
0 1 0 4 5 6 -1 5 -1 6 -1 
0 0 4 4 5 6 -1 3 4 5 -1 
-0.774197 1 3 13 -1 15 -1 0 1 2 3 
0 0 4 11 12 13 -1 1 2 3 -1 
-0.0107499 1 4 5 6 7 -1 4 5 6 -1 
0 0 0 8 9 10 -1 0 -1 1 -1 
0 1 2 7 8 9 10 0 -1 1 -1 
0 0 4 5 6 7 -1 2 4 6 -1 
-0.0102298 1 4 5 6 7 -1 3 4 5 -1 
0 0 4 19 20 21 -1 19 20 21 -1 
0 0 1 17 -1 19 -1 19 20 21 -1 
-0.0142998 1 1 3 -1 5 -1 0 1 2 -1 
0 0 1 4 -1 5 -1 0 1 2 -1 
-0.0107916 1 1 5 -1 6 -1 0 1 2 -1 
0 0 1 22 -1 23 -1 1 2 3 -1 
-0.0110643 1 4 18 19 20 -1 20 21 22 -1 
0 0 2 4 5 6 7 0 -1 1 -1 
-0.00923899 1 0 5 6 7 -1 0 -1 1 -1 
0 0 0 4 5 6 -1 3 -1 5 -1 
0 0 2 2 3 4 5 0 -1 1 -1 
0 1 0 3 4 5 -1 0 -1 1 -1 
0 0 0 2 3 4 -1 0 -1 1 -1 
-0.0115815 1 2 16 17 18 19 18 -1 20 -1 
0 0 4 18 19 20 -1 14 16 18 -1 
-0.00987622 1 0 4 5 6 -1 4 -1 5 -1 
0 0 0 3 5 7 -1 5 -1 6 -1 
-0.0113611 1 0 12 13 14 -1 0 -1 1 -1 
0 0 0 15 16 17 -1 0 -1 1 -1 
-0.0138576 1 1 1 -1 3 -1 20 21 22 -1 
0 0 1 2 -1 3 -1 1 2 3 -1 
-0.0106635 1 1 0 -1 3 -1 1 2 3 -1 
0 0 1 0 -1 1 -1 0 1 2 -1 
0 0 3 1 -1 3 -1 0 1 2 3 
-0.0114925 1 1 21 -1 23 -1 0 1 2 -1 
0 0 1 20 -1 21 -1 0 1 2 -1 
-0.0109782 1 1 19 -1 20 -1 0 1 2 -1 
0 0 1 18 -1 20 -1 0 1 2 -1 
-0.0112812 1 4 18 19 20 -1 8 9 10 -1 
0 0 4 7 8 9 -1 1 2 3 -1 
-0.0088708 1 4 3 4 5 -1 3 4 5 -1 
0 0 0 3 4 5 -1 4 -1 5 -1 
-0.00930943 1 0 3 4 5 -1 5 -1 6 -1 
0 0 4 3 4 5 -1 2 4 6 -1 
0 0 4 21 22 23 -1 11 12 13 -1 
-0.0122511 1 3 5 -1 6 -1 0 1 2 3 
0 0 3 6 -1 8 -1 0 1 2 3 
-0.0107826 1 2 21 22 23 24 6 -1 8 -1 
0 0 0 20 21 22 -1 0 -1 1 -1 
-0.013444 1 1 17 -1 21 -1 0 1 2 -1 
0 0 2 21 22 23 24 5 -1 6 -1 
-0.00944072 1 0 22 23 24 -1 5 -1 6 -1 
0 0 0 22 23 24 -1 6 -1 8 -1 
-0.00985424 1 0 22 23 24 -1 9 -1 10 -1 
0 0 2 21 22 23 24 9 -1 10 -1 
0 0 1 20 -1 24 -1 12 13 14 -1 
-0.0110001 1 4 19 20 21 -1 12 13 14 -1 
0 0 4 17 18 19 -1 17 18 19 -1 
-0.0112426 1 1 21 -1 22 -1 13 14 15 -1 
-0.00364341 1 0 0 2 4 -1 0 -1 1 -1 
0 0 0 1 2 3 -1 3 -1 5 -1 
-0.0119441 1 0 1 2 3 -1 4 -1 5 -1 
0 0 0 0 1 2 -1 5 -1 6 -1 
0 0 0 21 22 23 -1 4 -1 5 -1 
-0.00537674 1 0 20 22 24 -1 4 -1 5 -1 
0 0 0 22 23 24 -1 4 -1 5 -1 
-0.0115309 1 0 22 23 24 -1 3 -1 5 -1 
0 0 0 22 23 24 -1 2 -1 6 -1 
-0.0109804 1 1 1 -1 2 -1 3 4 5 -1 
0 0 1 3 -1 4 -1 3 4 5 -1 
-0.0106635 1 0 14 16 18 -1 0 -1 1 -1 
0 0 0 14 15 16 -1 0 -1 1 -1 
-0.0113783 1 4 22 23 24 -1 9 10 11 -1 
0 0 4 13 15 17 -1 0 1 2 -1 
-0.0117743 1 4 12 15 18 -1 0 1 2 -1 
0 0 4 14 16 18 -1 0 1 2 -1 
-0.0107826 1 2 21 22 23 24 1 -1 8 -1 
0 0 1 1 -1 2 -1 15 16 17 -1 
0 0 3 0 -1 1 -1 15 16 17 18 
-0.0111759 1 4 1 2 3 -1 21 22 23 -1 
-0.0121897 1 1 6 -1 7 -1 2 4 6 -1 
0 0 1 6 -1 7 -1 3 4 5 -1 
-0.0121736 1 3 10 -1 11 -1 0 1 2 3 
0 0 2 8 9 10 11 0 -1 1 -1 
-0.0120917 1 3 20 -1 21 -1 20 21 22 23 
0 0 1 22 -1 23 -1 21 22 23 -1 
-0.00892191 1 1 20 -1 23 -1 21 22 23 -1 
0 0 2 7 8 9 10 3 -1 5 -1 
-0.011264 1 0 8 9 10 -1 4 -1 5 -1 
0 0 0 8 9 10 -1 3 -1 5 -1 
-0.0122511 1 1 7 -1 10 -1 5 6 7 -1 
0 0 1 2 -1 3 -1 11 12 13 -1 
-0.00524063 1 0 9 10 11 -1 0 -1 1 -1 
0 0 0 22 23 24 -1 0 -1 1 -1 
-0.0116641 1 2 7 8 9 10 6 -1 8 -1 
0 0 0 9 10 11 -1 3 -1 5 -1 
-0.0097976 1 0 2 3 4 -1 11 -1 13 -1 
0 0 0 1 2 3 -1 6 -1 8 -1 
-0.0116767 1 4 14 15 16 -1 4 5 6 -1 
0 0 4 21 22 23 -1 7 8 9 -1 
-0.00895065 1 0 4 6 8 -1 3 -1 5 -1 
0 0 0 6 7 8 -1 0 -1 1 -1 
-0.0116527 1 2 5 6 7 8 0 -1 1 -1 
0 0 3 9 -1 10 -1 0 1 2 3 
-0.0117316 1 3 8 -1 10 -1 0 1 2 3 
0 0 3 7 -1 11 -1 0 1 2 3 
0.0114907 0 4 4 6 8 -1 0 1 2 -1 
0 0 4 22 23 24 -1 4 9 14 -1 
0 0 4 15 16 17 -1 15 16 17 -1 
-0.00976247 1 4 2 3 4 -1 12 13 14 -1 
0 0 1 23 -1 24 -1 3 4 5 -1 
-0.0119485 1 1 20 -1 23 -1 1 2 3 -1 
0 0 4 17 18 19 -1 1 2 3 -1 
-0.0113777 1 0 20 21 22 -1 9 -1 10 -1 
0 0 3 8 -1 9 -1 3 4 5 6 
-0.010305 1 1 22 -1 24 -1 9 10 11 -1 
0 0 3 23 -1 24 -1 8 9 10 11 
0 0 1 21 -1 23 -1 8 9 10 -1 
-0.0109367 1 0 9 10 11 -1 4 -1 5 -1 
0 0 0 9 10 11 -1 2 -1 6 -1 
-0.0116952 1 2 20 21 22 23 6 -1 8 -1 
0 0 0 21 22 23 -1 9 -1 10 -1 
-0.00890782 1 1 18 -1 20 -1 8 9 10 -1 
0 0 1 19 -1 20 -1 8 9 10 -1 
-0.0110747 1 1 20 -1 21 -1 8 9 10 -1 
0 0 1 21 -1 22 -1 6 8 10 -1 
-0.00931744 1 1 22 -1 23 -1 7 8 9 -1 
0 0 1 15 -1 16 -1 0 1 2 -1 
-0.0110451 1 1 13 -1 14 -1 3 4 5 -1 

200
65.6556
0.820552 0.764995 0.817169 0.726898 0.692504 0.722708 0.821543 0.778721 0.721059 0.697692 0.739111 0.675771 0.739656 0.741219 0.695285 0.929392 0.827299 0.779697 0.651626 0.714563 0.789947 0.752533 0.692852 0.655038 0.884367 0.635725 0.768267 0.807535 0.776188 0.714134 0.746017 0.629859 0.749109 0.643976 0.695923 0.605967 0.795808 0.621924 0.748663 0.614306 0.771162 0.612454 0.756193 0.612754 0.765112 0.614691 0.674849 0.724245 0.64084 0.641294 0.622506 0.706647 0.945576 0.678249 0.71736 0.605964 0.650796 0.653006 0.662188 0.601566 0.704489 0.599987 0.595778 0.617666 0.628565 0.663908 0.638919 0.656537 0.770003 0.706864 0.734382 0.744193 0.605188 0.678702 0.722715 0.654392 0.658538 0.661132 0.614804 0.632088 0.764305 0.628156 0.635069 0.657397 0.724089 0.666961 0.617948 0.771671 0.583076 0.541687 0.579622 0.577717 0.582183 0.745087 0.55486 0.6215 0.550385 0.60925 0.567783 0.631133 0.811854 0.618666 0.636899 0.553123 0.590406 0.640183 0.559803 0.58055 0.564529 0.581294 0.528608 0.587192 0.582637 0.557535 0.783112 0.562308 0.658873 0.519593 0.594793 0.529031 0.562167 0.560542 0.555614 0.665183 0.580426 0.603271 0.561117 0.746868 0.606139 0.568477 0.55244 0.627435 0.730232 0.773084 0.653176 0.569632 0.564805 0.555951 0.566108 0.564692 0.56475 0.578526 0.5441 0.565233 0.635208 0.600076 0.7357 0.637827 0.660636 0.703324 0.667331 0.596383 0.59904 0.654183 0.580489 0.644195 0.607209 0.583977 0.559891 0.606634 0.613111 0.62002 0.647374 0.65144 0.565611 0.607347 0.58745 0.744174 0.597555 0.691822 0.607435 0.581986 0.563481 0.583331 0.562448 0.591709 0.759351 0.598331 0.663597 0.631803 0.621419 0.767884 0.649659 0.709303 0.633957 0.630125 0.877602 0.737652 0.631014 0.684 0.601492 0.674663 0.676487 0.717609 0.617495 0.641628 0.651846 0.712086 0.590222 0.651291 
6.6223 0 0 6 12 18 -1 6 -1 8 -1 
0 0 4 0 1 2 -1 0 1 2 -1 
-0.0117166 1 4 22 23 24 -1 16 17 18 -1 
0 0 4 21 22 23 -1 17 18 19 -1 
-0.0112142 1 4 19 20 21 -1 19 20 21 -1 
0 0 4 3 4 5 -1 3 4 5 -1 
-0.00955243 1 4 2 4 6 -1 3 4 5 -1 
0 0 4 4 5 6 -1 3 4 5 -1 
-0.0108097 1 4 5 6 7 -1 3 4 5 -1 
0 0 4 1 2 3 -1 1 2 3 -1 
0.012028 0 4 5 6 7 -1 2 4 6 -1 
0 0 4 20 21 22 -1 20 21 22 -1 
-0.00980596 1 4 2 3 4 -1 9 10 11 -1 
0 0 4 1 3 5 -1 9 10 11 -1 
0 0 0 20 21 22 -1 20 -1 21 -1 
-0.00612531 1 0 21 22 23 -1 20 -1 21 -1 
0 0 2 20 21 22 23 20 -1 21 -1 
-0.0110961 1 4 21 22 23 -1 21 22 23 -1 
0 0 4 4 5 6 -1 5 6 7 -1 
-0.0115252 1 4 3 4 5 -1 4 5 6 -1 
0 0 4 2 4 6 -1 4 5 6 -1 
0 1 4 4 5 6 -1 4 5 6 -1 
0 0 0 0 1 2 -1 0 -1 1 -1 
0 0 2 1 2 3 4 4 -1 5 -1 
-0.0106635 1 2 1 2 3 4 3 -1 5 -1 
0 0 4 22 23 24 -1 12 13 14 -1 
-0.00991014 1 0 1 2 3 -1 3 -1 5 -1 
0 0 0 1 2 3 -1 4 -1 5 -1 
0 1 0 1 2 3 -1 5 -1 6 -1 
0 0 2 0 1 2 3 5 -1 6 -1 
0.0114882 0 0 0 1 2 -1 5 -1 6 -1 
0 0 4 21 22 23 -1 1 2 3 -1 
-0.00722599 1 0 21 22 23 -1 4 -1 5 -1 
0 0 0 20 22 24 -1 4 -1 5 -1 
-0.0117718 1 0 20 21 22 -1 5 -1 6 -1 
0 0 1 20 -1 21 -1 20 21 22 -1 
-0.0153545 1 1 21 -1 23 -1 20 21 22 -1 
0 0 1 22 -1 23 -1 21 22 23 -1 
-0.0117356 1 1 20 -1 23 -1 21 22 23 -1 
0 0 3 3 -1 4 -1 8 9 10 11 
-0.0123764 1 3 2 -1 5 -1 8 9 10 11 
0 0 0 2 3 4 -1 4 -1 5 -1 
0 1 0 2 3 4 -1 5 -1 6 -1 
0 0 0 19 20 21 -1 20 -1 21 -1 
-0.0112743 1 0 19 20 21 -1 18 -1 20 -1 
0 0 1 17 -1 18 -1 21 22 23 -1 
0 0 4 17 18 19 -1 21 22 23 -1 
-0.011063 1 4 0 1 2 -1 8 9 10 -1 
0 0 4 1 2 3 -1 7 8 9 -1 
22.1305 0 4 5 12 19 -1 4 11 18 -1 
0 0 0 17 18 19 -1 20 -1 21 -1 
0 0 2 17 18 19 20 20 -1 21 -1 
0 1 0 18 19 20 -1 20 -1 21 -1 
0 0 0 18 19 20 -1 18 -1 20 -1 
-138.92 1 4 3 13 23 -1 7 14 21 -1 
0 0 4 0 1 2 -1 20 21 22 -1 
0 1 0 0 1 2 -1 1 -1 8 -1 
0 0 0 0 1 2 -1 4 -1 5 -1 
-0.0114759 1 4 8 9 10 -1 20 21 22 -1 
0 0 4 21 22 23 -1 7 8 9 -1 
-0.0107058 1 4 20 21 22 -1 8 9 10 -1 
0.0119442 0 4 6 9 12 -1 20 21 22 -1 
0 0 4 7 8 9 -1 1 2 3 -1 
-0.0121984 1 0 0 2 4 -1 4 -1 5 -1 
0 0 0 7 8 9 -1 0 -1 1 -1 
-0.00529589 1 0 6 8 10 -1 0 -1 1 -1 
0 0 0 6 7 8 -1 0 -1 1 -1 
-0.0119605 1 0 4 5 6 -1 0 -1 1 -1 
0 0 2 3 4 5 6 0 -1 1 -1 
0 1 2 2 4 6 8 0 -1 1 -1 
0 0 0 5 6 7 -1 0 -1 1 -1 
-0.00833595 1 2 4 5 6 7 0 -1 1 -1 
0 0 4 17 18 19 -1 17 18 19 -1 
-0.0136082 1 1 22 -1 23 -1 17 18 19 -1 
0 0 1 20 -1 23 -1 17 18 19 -1 
-0.0121713 1 1 19 -1 22 -1 17 18 19 -1 
0 0 1 17 -1 18 -1 17 18 19 -1 
-0.00931498 1 4 8 9 10 -1 0 1 2 -1 
0 0 0 1 2 3 -1 6 -1 8 -1 
0 0 1 10 -1 11 -1 0 1 2 -1 
-0.00447516 1 0 1 2 3 -1 9 -1 10 -1 
-0.0112142 1 1 15 -1 18 -1 17 18 19 -1 
0 0 1 22 -1 24 -1 19 20 21 -1 
0 0 0 22 23 24 -1 11 -1 13 -1 
-0.0115541 1 0 22 23 24 -1 10 -1 16 -1 
0.0115298 0 0 22 23 24 -1 9 -1 20 -1 
0 0 4 10 11 12 -1 0 1 2 -1 
-0.0119485 1 1 11 -1 13 -1 0 1 2 -1 
-0.0122827 1 3 10 -1 11 -1 0 1 2 3 
0 0 4 18 21 24 -1 21 22 23 -1 
-0.0110674 1 4 18 19 20 -1 20 21 22 -1 
0 0 0 3 4 5 -1 4 -1 5 -1 
0 0 4 3 4 5 -1 5 6 7 -1 
-0.00652529 1 0 2 3 4 -1 0 -1 1 -1 
0 0 1 20 -1 23 -1 7 8 9 -1 
-0.0112254 1 1 22 -1 23 -1 7 8 9 -1 
0 0 0 22 23 24 -1 0 -1 1 -1 
0 1 2 21 22 23 24 9 -1 10 -1 
0 0 1 3 -1 4 -1 3 4 5 -1 
0 0 3 3 -1 4 -1 3 4 5 6 
-0.00957406 1 1 3 -1 4 -1 4 5 6 -1 
0 0 1 2 -1 5 -1 4 5 6 -1 
-0.0102052 1 0 17 18 19 -1 18 -1 20 -1 
-0.00617146 1 4 2 4 6 -1 5 6 7 -1 
-2.52511 0 4 14 17 20 -1 4 7 10 -1 
-0.0106635 1 4 5 6 7 -1 5 6 7 -1 
0 0 2 6 7 8 9 0 -1 1 -1 
-0.0114759 1 2 17 18 19 20 18 -1 20 -1 
0 0 2 21 22 23 24 6 -1 8 -1 
0 1 2 2 3 4 5 4 -1 5 -1 
0 0 4 5 6 7 -1 4 5 6 -1 
-0.00766026 1 0 22 23 24 -1 3 -1 5 -1 
0 0 0 21 22 23 -1 6 -1 8 -1 
0 0 2 4 5 6 7 4 -1 5 -1 
-0.011725 1 2 4 5 6 7 5 -1 6 -1 
0 0 4 21 22 23 -1 11 12 13 -1 
-156.379 1 4 5 12 19 -1 0 11 22 -1 
0 0 2 7 8 9 10 0 -1 1 -1 
-0.0089885 1 4 5 7 9 -1 0 1 2 -1 
0 0 3 20 -1 21 -1 15 16 17 18 
-0.0106635 1 4 20 22 24 -1 10 12 14 -1 
0 0 3 5 -1 6 -1 0 1 2 3 
0 0 1 21 -1 22 -1 13 14 15 -1 
-0.00521139 1 0 21 22 23 -1 9 -1 10 -1 
-0.0110352 1 1 0 -1 1 -1 8 9 10 -1 
0 0 1 1 -1 3 -1 8 9 10 -1 
0 0 4 16 17 18 -1 19 20 21 -1 
-0.0216357 1 1 17 -1 19 -1 19 20 21 -1 
0 0 1 14 -1 18 -1 19 20 21 -1 
-0.0114821 1 1 23 -1 24 -1 13 14 15 -1 
0 0 2 1 2 3 4 0 -1 1 -1 
0 0 2 0 1 2 3 0 -1 1 -1 
-0.0013651 1 2 0 2 4 6 0 -1 1 -1 
-0.0122511 1 0 1 2 3 -1 0 -1 1 -1 
0 0 0 3 4 5 -1 0 -1 1 -1 
-0.00865454 1 4 1 2 3 -1 17 18 19 -1 
0 0 0 20 21 22 -1 18 -1 20 -1 
-0.0114759 1 0 8 9 10 -1 0 -1 1 -1 
0 0 0 6 7 8 -1 5 -1 6 -1 
-0.0120881 1 4 17 18 19 -1 1 2 3 -1 
0 0 1 23 -1 24 -1 3 4 5 -1 
-0.0106635 1 1 17 -1 18 -1 1 2 3 -1 
0 0 4 2 3 4 -1 16 17 18 -1 
0 0 2 4 5 6 7 6 -1 8 -1 
-0.0116921 1 4 8 9 10 -1 8 9 10 -1 
0 0 1 4 -1 5 -1 0 1 2 -1 
-0.00959609 1 1 3 -1 5 -1 0 1 2 -1 
0 0 1 0 -1 1 -1 0 1 2 -1 
-0.0119424 1 1 1 -1 3 -1 0 1 2 -1 
0 0 1 2 -1 6 -1 0 1 2 -1 
-0.00553243 1 1 5 -1 6 -1 0 1 2 -1 
0 0 1 3 -1 10 -1 0 1 2 -1 
0 0 1 1 -1 2 -1 15 16 17 -1 
-0.0100196 1 4 22 23 24 -1 9 10 11 -1 
0 0 3 0 -1 1 -1 0 1 2 3 
-0.0115373 1 1 1 -1 2 -1 3 4 5 -1 
-0.00891054 1 3 1 -1 2 -1 3 4 5 6 
0 0 1 1 -1 2 -1 4 5 6 -1 
0 0 4 7 8 9 -1 11 12 13 -1 
-0.00395967 1 1 1 -1 3 -1 20 21 22 -1 
0 0 1 0 -1 1 -1 20 21 22 -1 
-0.011513 1 1 2 -1 4 -1 16 17 18 -1 
0 0 3 1 -1 3 -1 15 16 17 18 
-0.0115252 1 3 0 -1 1 -1 15 16 17 18 
0 0 3 5 -1 7 -1 1 2 3 4 
-0.0110256 1 1 6 -1 7 -1 3 4 5 -1 
0 0 1 7 -1 8 -1 1 2 3 -1 
-0.00457496 1 1 6 -1 10 -1 1 2 3 -1 
0 0 1 4 -1 7 -1 1 2 3 -1 
-0.00152025 1 1 3 -1 7 -1 1 2 3 -1 
0 0 1 5 -1 8 -1 1 2 3 -1 
-0.0115252 1 2 5 6 7 8 5 -1 6 -1 
0 0 0 0 2 4 -1 5 -1 6 -1 
-0.0151743 1 3 6 -1 8 -1 0 1 2 3 
0 0 2 21 22 23 24 20 -1 21 -1 
0 0 2 1 2 3 4 6 -1 8 -1 
-0.00996574 1 0 2 3 4 -1 6 -1 8 -1 
0 0 1 14 -1 22 -1 17 18 19 -1 
0 1 1 20 -1 24 -1 19 20 21 -1 
0 0 4 1 2 3 -1 11 12 13 -1 
0 0 4 3 4 5 -1 6 8 10 -1 
-0.00964781 1 0 3 4 5 -1 9 -1 10 -1 
0 0 4 3 4 5 -1 2 4 6 -1 
0 1 0 22 23 24 -1 20 -1 21 -1 
0 0 0 0 1 2 -1 7 -1 11 -1 
-0.0161884 1 1 3 -1 5 -1 8 9 10 -1 
0 0 1 4 -1 5 -1 8 9 10 -1 
-0.00663783 1 1 2 -1 6 -1 8 9 10 -1 
0 0 1 5 -1 6 -1 8 9 10 -1 
-0.450249 1 3 12 -1 17 -1 1 2 3 4 
0 0 0 20 21 22 -1 0 -1 1 -1 
0 1 0 20 22 24 -1 0 -1 1 -1 
0 0 0 21 22 23 -1 0 -1 1 -1 
-0.00935357 1 0 0 1 2 -1 9 -1 10 -1 
0 0 0 16 17 18 -1 0 -1 1 -1 
-0.0113952 1 4 4 6 8 -1 0 1 2 -1 
0 0 4 20 21 22 -1 0 1 2 -1 
-0.00701518 1 2 21 22 23 24 5 -1 6 -1 
0 0 0 20 22 24 -1 20 -1 21 -1 
-0.00962967 1 4 4 5 6 -1 6 8 10 -1 

200
62.9705
0.862808 0.94988 0.83826 0.941557 0.829663 0.938309 1.18909 0.78167 0.898649 0.986458 0.945946 0.755408 0.880941 0.738107 0.836016 0.930021 0.949381 0.71769 0.821342 0.742809 0.709574 0.683496 0.673952 0.735243 0.672689 0.68729 0.876115 0.792583 0.67488 0.735769 1.0784 0.680213 0.985419 0.71154 0.848425 0.688878 0.681301 0.97741 0.697497 0.734836 0.70408 0.845671 0.718752 0.763513 0.698061 0.708011 0.785651 0.681957 0.852404 0.695753 0.749541 0.654478 0.689588 0.667092 0.654769 0.662447 0.67807 0.698791 0.886716 0.688146 0.855271 0.656779 0.644168 0.696084 0.590808 0.697653 0.619166 0.665509 0.868727 0.637704 0.797533 0.605208 0.607261 0.651626 0.827793 0.610891 0.63159 0.580736 0.65844 0.603831 0.675084 0.57755 0.659294 0.574867 0.627751 0.578308 0.630223 0.625045 0.566681 0.571294 0.575573 0.588374 0.541116 0.597711 0.571118 0.598838 0.569299 0.54927 0.547389 0.729875 0.542381 0.651791 0.548625 0.612971 0.5557 0.591259 0.574591 0.585123 0.511353 0.63247 0.518385 0.521697 0.516282 0.627972 0.57976 0.582364 0.536377 0.559263 0.539826 0.564222 0.542919 0.544542 0.658075 0.542528 0.535594 0.53576 0.561578 0.605283 0.574984 0.562051 0.656689 0.546423 0.568566 0.519103 0.605218 0.543952 0.56274 0.576065 0.595111 0.559462 0.55508 0.531066 0.617489 0.522838 0.640926 0.514544 0.639754 0.511678 0.564537 0.594422 0.53533 0.524786 0.532296 0.553929 0.50865 0.55163 0.50158 0.597529 0.547045 0.546832 0.497099 0.566588 0.546661 0.535955 0.566935 0.558301 0.487488 0.525858 0.562939 0.547473 0.491899 0.518059 0.518721 0.536635 0.544683 0.560103 0.509696 0.479165 0.684451 0.488155 0.512322 0.547837 0.512577 0.662312 0.52408 0.566775 0.516323 0.490934 0.51116 0.55832 0.500038 0.637621 0.573663 0.596611 0.515181 0.594648 0.491706 0.567029 0.51453 0.532364 
0 0 0 10 11 12 -1 4 -1 5 -1 
-0.0108097 1 0 10 11 12 -1 3 -1 5 -1 
0 0 0 9 10 11 -1 4 -1 5 -1 
-0.0100178 1 0 9 10 11 -1 3 -1 5 -1 
0 0 0 10 11 12 -1 0 -1 1 -1 
0 0 4 10 11 12 -1 0 1 2 -1 
-0.00941474 1 4 21 22 23 -1 1 2 3 -1 
0 0 4 4 5 6 -1 13 14 15 -1 
-0.0107322 1 4 2 4 6 -1 13 14 15 -1 
0 0 4 3 4 5 -1 13 14 15 -1 
0 1 4 2 3 4 -1 16 17 18 -1 
0 0 4 1 2 3 -1 1 2 3 -1 
-0.00892072 1 4 0 1 2 -1 0 1 2 -1 
0 0 0 4 5 6 -1 0 -1 1 -1 
-0.00848028 1 0 4 6 8 -1 0 -1 1 -1 
0 0 0 5 6 7 -1 0 -1 1 -1 
0.0114907 0 2 5 6 7 8 0 -1 1 -1 
0 0 4 1 3 5 -1 16 17 18 -1 
-0.0112206 1 3 4 -1 5 -1 15 16 17 18 
0.0119995 0 3 3 -1 5 -1 15 16 17 18 
0 0 0 22 23 24 -1 20 -1 21 -1 
-0.0102018 1 0 22 23 24 -1 15 -1 21 -1 
0 0 4 3 4 5 -1 4 5 6 -1 
0 1 0 6 7 8 -1 0 -1 1 -1 
0 0 2 4 5 6 7 0 -1 1 -1 
0 1 4 3 4 5 -1 2 4 6 -1 
0 0 4 3 4 5 -1 3 4 5 -1 
0 1 4 4 5 6 -1 3 4 5 -1 
0 0 4 0 1 2 -1 8 9 10 -1 
0 0 1 0 -1 1 -1 8 9 10 -1 
-0.0115373 1 1 1 -1 3 -1 8 9 10 -1 
0 0 0 4 5 6 -1 4 -1 5 -1 
-0.00883207 1 0 4 5 6 -1 3 -1 5 -1 
0 0 0 4 5 6 -1 5 -1 6 -1 
-0.00417802 1 4 4 5 6 -1 4 5 6 -1 
0 0 4 19 20 21 -1 16 17 18 -1 
0 0 2 21 22 23 24 0 -1 1 -1 
0 1 0 22 23 24 -1 0 -1 1 -1 
0 0 2 20 21 22 23 0 -1 1 -1 
-0.00956595 1 4 17 18 19 -1 17 18 19 -1 
0 0 0 21 22 23 -1 20 -1 21 -1 
0 1 2 20 21 22 23 20 -1 21 -1 
0 0 2 20 21 22 23 18 -1 20 -1 
0 1 0 21 22 23 -1 18 -1 20 -1 
0 0 0 22 23 24 -1 18 -1 20 -1 
-0.00601999 1 0 20 21 22 -1 20 -1 21 -1 
0 0 0 20 21 22 -1 18 -1 20 -1 
0 0 0 17 18 19 -1 20 -1 21 -1 
-0.00996619 1 4 22 23 24 -1 16 17 18 -1 
0 0 4 18 19 20 -1 20 21 22 -1 
0.0116192 0 2 17 18 19 20 20 -1 21 -1 
0 0 4 14 15 16 -1 4 5 6 -1 
0 1 0 9 11 13 -1 0 -1 1 -1 
0 0 1 2 -1 4 -1 9 10 11 -1 
-0.0119485 1 1 11 -1 13 -1 0 1 2 -1 
0 0 1 10 -1 11 -1 0 1 2 -1 
-14.9742 1 2 8 12 16 20 0 -1 11 -1 
0 0 0 1 2 3 -1 9 -1 10 -1 
-0.0101684 1 0 1 2 3 -1 7 -1 11 -1 
0 0 0 2 3 4 -1 9 -1 10 -1 
-0.00795798 1 3 1 -1 2 -1 8 9 10 11 
-0.0114759 1 4 16 19 22 -1 20 21 22 -1 
0 0 4 20 21 22 -1 20 21 22 -1 
-0.00471715 1 2 1 2 3 4 9 -1 10 -1 
0 0 4 5 6 7 -1 5 6 7 -1 
-0.0112743 1 0 19 20 21 -1 18 -1 20 -1 
0 0 0 2 3 4 -1 6 -1 8 -1 
0 0 2 2 3 4 5 6 -1 8 -1 
-0.00990292 1 0 3 4 5 -1 6 -1 8 -1 
0 0 4 3 4 5 -1 5 6 7 -1 
0.0115298 0 0 3 4 5 -1 4 -1 5 -1 
-0.00995878 1 1 6 -1 7 -1 5 6 7 -1 
0 0 1 3 -1 4 -1 5 6 7 -1 
0 0 4 4 5 6 -1 5 6 7 -1 
-0.00912862 1 4 2 3 4 -1 9 10 11 -1 
-0.0111713 1 0 4 5 6 -1 6 -1 8 -1 
0 0 2 3 4 5 6 4 -1 5 -1 
0 0 3 3 -1 4 -1 8 9 10 11 
-0.0116921 1 1 15 -1 16 -1 0 1 2 -1 
0 0 0 15 16 17 -1 0 -1 1 -1 
-0.0108319 1 4 20 21 22 -1 0 1 2 -1 
0 0 3 0 -1 1 -1 0 1 2 3 
-0.010207 1 3 1 -1 3 -1 0 1 2 3 
0 0 1 20 -1 21 -1 20 21 22 -1 
-0.0107537 1 4 7 8 9 -1 11 12 13 -1 
0 0 4 15 16 17 -1 3 4 5 -1 
-0.0111175 1 1 17 -1 18 -1 21 22 23 -1 
0.0122602 0 1 18 -1 22 -1 21 22 23 -1 
0 0 4 21 22 23 -1 21 22 23 -1 
-0.0101921 1 2 21 22 23 24 20 -1 21 -1 
0 0 4 20 21 22 -1 8 9 10 -1 
-0.00992239 1 4 15 16 17 -1 2 4 6 -1 
0 0 4 14 15 16 -1 3 4 5 -1 
-0.00958237 1 3 20 -1 21 -1 15 16 17 18 
0 0 2 21 22 23 24 5 -1 6 -1 
-0.0116767 1 4 14 15 16 -1 2 4 6 -1 
0.0117107 0 4 15 16 17 -1 1 4 7 -1 
0 0 4 7 8 9 -1 7 8 9 -1 
0 0 4 2 4 6 -1 5 6 7 -1 
-0.0121984 1 4 1 4 7 -1 5 6 7 -1 
0 0 1 4 -1 5 -1 8 9 10 -1 
-0.0116921 1 1 5 -1 6 -1 8 9 10 -1 
0 0 0 4 5 6 -1 9 -1 10 -1 
-0.00779395 1 2 3 4 5 6 3 -1 5 -1 
0 0 4 17 18 19 -1 11 12 13 -1 
0 1 2 21 22 23 24 4 -1 5 -1 
0 0 2 21 22 23 24 3 -1 5 -1 
-0.00950048 1 4 5 7 9 -1 8 9 10 -1 
0 0 4 3 4 5 -1 6 8 10 -1 
-0.0160427 1 4 2 4 6 -1 6 8 10 -1 
-0.0118405 1 2 21 22 23 24 2 -1 6 -1 
0 0 1 0 -1 1 -1 20 21 22 -1 
0 0 4 13 15 17 -1 0 1 2 -1 
-0.0112142 1 4 19 20 21 -1 19 20 21 -1 
0 0 0 19 20 21 -1 20 -1 21 -1 
0 1 1 23 -1 24 -1 3 4 5 -1 
0 0 1 21 -1 22 -1 3 4 5 -1 
-0.0110266 1 4 1 2 3 -1 7 8 9 -1 
1.73574 1 1 14 -1 16 -1 3 6 9 -1 
-0.0101754 1 4 17 18 19 -1 21 22 23 -1 
0 0 4 2 3 4 -1 3 8 13 -1 
0 0 1 2 -1 3 -1 7 8 9 -1 
-0.0115373 1 1 0 -1 3 -1 7 8 9 -1 
-0.0116437 1 4 6 7 8 -1 19 20 21 -1 
0 0 3 6 -1 7 -1 3 4 5 6 
0 1 2 1 2 3 4 0 -1 1 -1 
0 0 0 2 3 4 -1 4 -1 5 -1 
0 1 0 2 3 4 -1 5 -1 6 -1 
0 0 2 1 2 3 4 5 -1 6 -1 
0 0 1 2 -1 3 -1 1 2 3 -1 
-0.00822861 1 1 0 -1 1 -1 0 1 2 -1 
0 0 3 22 -1 23 -1 11 12 13 14 
-0.0106635 1 3 20 -1 23 -1 11 12 13 14 
0 0 2 8 9 10 11 0 -1 1 -1 
-0.00931498 1 4 8 9 10 -1 0 1 2 -1 
0 0 4 22 23 24 -1 9 10 11 -1 
-0.0117356 1 3 8 -1 9 -1 3 4 5 6 
0 0 2 7 8 9 10 4 -1 5 -1 
-0.0106501 1 2 7 8 9 10 3 -1 5 -1 
0 0 1 22 -1 24 -1 19 20 21 -1 
0 1 1 20 -1 24 -1 19 20 21 -1 
0 0 1 8 -1 9 -1 4 5 6 -1 
-0.00760164 1 1 11 -1 12 -1 3 4 5 -1 
0 0 1 22 -1 23 -1 1 2 3 -1 
-0.0159678 1 1 20 -1 23 -1 1 2 3 -1 
0 0 0 8 9 10 -1 5 -1 6 -1 
-0.00989869 1 0 7 8 9 -1 5 -1 6 -1 
-4.70455 1 3 14 -1 24 -1 4 8 12 16 
-37.1611 0 1 2 -1 24 -1 7 14 21 -1 
20.2144 0 4 9 12 15 -1 0 11 22 -1 
0 0 4 7 8 9 -1 1 2 3 -1 
-0.011212 1 4 16 18 20 -1 5 6 7 -1 
0 0 0 22 23 24 -1 3 -1 5 -1 
0 1 0 22 23 24 -1 11 -1 13 -1 
0 0 3 3 -1 4 -1 10 11 12 13 
-0.0102018 1 2 14 15 16 17 4 -1 5 -1 
0 0 4 2 3 4 -1 19 20 21 -1 
0.0270339 0 1 15 -1 18 -1 11 12 13 -1 
-5.26456 1 2 3 7 11 15 14 -1 20 -1 
-0.0122449 1 3 2 -1 3 -1 2 4 6 8 
0 0 4 2 4 6 -1 4 5 6 -1 
-0.0116921 1 4 2 3 4 -1 12 13 14 -1 
0 0 0 0 1 2 -1 5 -1 6 -1 
-0.0103608 1 0 0 1 2 -1 4 -1 5 -1 
0 0 0 0 1 2 -1 3 -1 5 -1 
-0.0117677 1 0 0 1 2 -1 2 -1 6 -1 
0 0 3 0 -1 1 -1 20 21 22 23 
-0.0100908 1 4 0 1 2 -1 20 21 22 -1 
0 0 4 1 2 3 -1 21 22 23 -1 
-0.0114759 1 1 2 -1 3 -1 21 22 23 -1 
0 0 1 22 -1 23 -1 21 22 23 -1 
-0.0104201 1 1 18 -1 20 -1 20 21 22 -1 
0 0 0 22 23 24 -1 7 -1 11 -1 
0 1 1 22 -1 23 -1 11 12 13 -1 
0 0 4 21 22 23 -1 11 12 13 -1 
0 1 0 14 15 16 -1 0 -1 1 -1 
0 0 1 1 -1 5 -1 7 8 9 -1 
0 0 0 1 2 3 -1 5 -1 6 -1 
0 1 0 1 2 3 -1 4 -1 5 -1 
0 0 2 2 3 4 5 9 -1 10 -1 
-0.00930943 1 0 3 4 5 -1 5 -1 6 -1 
0 0 0 1 2 3 -1 3 -1 5 -1 
0 0 4 21 22 23 -1 17 18 19 -1 
2.08534 0 3 15 -1 20 -1 8 9 10 11 
-3.86149 0 1 8 -1 15 -1 16 19 22 -1 
-0.0106356 1 2 21 22 23 24 9 -1 10 -1 
0.0117107 0 4 11 13 15 -1 19 20 21 -1 
0 0 4 6 9 12 -1 0 1 2 -1 
0 0 4 4 6 8 -1 8 9 10 -1 
-0.0115773 1 4 15 16 17 -1 4 5 6 -1 
0 0 0 0 1 2 -1 9 -1 10 -1 
-0.0101684 1 0 0 1 2 -1 7 -1 11 -1 
0 0 0 0 1 2 -1 6 -1 8 -1 
-0.00513433 1 0 1 2 3 -1 6 -1 8 -1 
0 0 4 21 22 23 -1 7 8 9 -1 
-0.00443493 1 2 1 2 3 4 6 -1 8 -1 
0 0 2 21 22 23 24 18 -1 20 -1 
0 1 4 22 23 24 -1 12 13 14 -1 
-1.97997 0 4 6 9 12 -1 16 19 22 -1 
0 1 0 21 22 23 -1 0 -1 1 -1 

